0
0.01
0.02
0.0300000055916791
0.0400000155730045
0.050000028293685
0.0600000409200775
0.0700000495547464
0.0800000492276306
0.090000033699461
0.0999999954255184
0.109999925625541
0.119999814245858
0.129999650002442
0.139999420433978
0.149999111913125
0.159998709790442
0.169998198411343
0.17999756127017
0.189996781077452
0.199995839886963
0.209994719216254
0.219993400156018
0.229991863486668
0.239990089792996
0.249988059541393
0.259985753175562
0.269983151190364
0.279980234171823
0.289976982822535
0.299973377973483
0.309969400566788
0.319965031614971
0.329960252153477
0.339955043153863
0.349949385426445
0.359943259518236
0.369936645589456
0.379929523315023
0.389921871768187
0.39991366932592
0.409904893583382
0.419895521312865
0.429885528413655
0.439874889894729
0.449863579897307
0.459851571715466
0.469838837858751
0.479825350130292
0.489811079712088
0.499795997293518
0.509780073181064
0.519763277444167
0.529745580041292
0.539726950945492
0.549707360233734
0.559686778166806
0.569665175218671
0.579642522015507
0.589618789251762
0.599593947484095
0.609567966830428
0.619540816525623
0.629512464312815
0.639482875571553
0.649452012150602
0.659419830893192
0.669386281927058
0.67935130696905
0.689314837739509
0.699276794525418
0.709237084949957
0.719195602953199
0.729152228310162
0.73910682690288
0.749059252092179
0.759009347550445
0.768956951722593
0.778901904000643
0.78884405228679
0.798783261268207
0.80871942047985
0.818652451031176
0.82858231000092
0.838508991919699
0.848432527294817
0.858352978635642
0.868270434780491
0.878185004391429
0.888096809443011
0.898005979262902
0.907912645504106
0.917816938134115
0.927718982455613
0.937618897033319
0.947516792381234
0.957412770267877
0.967306923490446
0.977199336010781
0.987090083311896
0.996979232940597
1.00686684514033
1.0167529735379
1.02663766583469
1.03652096448859
1.04640290735708
1.05628352827679
1.06616285759466
1.07604092261151
1.08591774796662
1.09579335593925
1.10566776668259
1.11554099838118
1.12541306735763
1.13528398812229
1.14515377339491
1.15502243408767
1.16488997918928
1.17475641541545
1.18462174665775
1.19448597365112
1.20434909402031
1.21421110227189
1.22407198945399
1.23393174259704
1.24379034406291
1.25364777083753
1.26350399375039
1.2733589765829
1.28321267503876
1.29306503549691
1.30291599352452
1.31276547203708
1.32261337903334
1.33245960472189
1.34230401788854
1.35214646118354
1.36198674499253
1.37182463930795
1.38165986278386
1.39149206779266
1.40132081963225
1.41114556699112
1.42096559931219
1.43077998377728
1.44058747070181
1.45038634974776
1.4601742330306
1.4699477457852
1.47970216933706
1.48943135909415
1.49912892518145
1.50879164956742
1.51842238554044
1.5280279695708
1.53761527433392
1.54718953719109
1.55675439109785
1.56631230891553
1.5758649916847
1.58541363381386
1.59495909334134
1.60450200033204
1.61404282679315
1.62358193271547
1.63311959702594
1.6426560389133
1.65219143281299
1.66172591912331
1.6712596120441
1.68079260537183
1.69032497686133
1.69985679151503
1.70938810410982
1.71891896115162
1.72844940240626
1.73797946210752
1.74750916993737
1.75703855182053
1.76656763055964
1.77609642634673
1.78562495719125
1.79515323935674
1.80468128810424
1.81420911948415
1.82373675492372
1.83326423166439
1.84279162050663
1.85231903806323
1.861846618984
1.87137445102451
1.88090255357189
1.89043091422376
1.89995951983729
1.90948836420172
1.91901744669509
1.92854677045254
1.93807634156531
1.94760616901871
1.95713626497586
1.96666664523274
1.97619732979282
1.98572834358836
1.99525971745252
2.00479148940991
2.01432370645634
2.02385642695031
2.03338972380046
2.04292368869532
2.0524584376949
2.06199411868657
2.07153092143127
2.08106909117033
2.09060894724506
2.10015090846208
2.10969552692575
2.11924353065287
2.12879586991022
2.13835374707563
2.14791858019702
2.15749181837771
2.16707456687355
2.17666717915957
2.18626914444894
2.19587936594138
2.20549655931207
2.2151195213443
2.22474723621833
2.23437888585754
2.24401382294149
2.25365153621716
2.26329161924075
2.27293374525757
2.28257764796389
2.29222310701872
2.30186993716538
2.31151798001422
2.32116709777882
2.33081716848577
2.34046808246272
2.35011974015736
2.35977205184412
2.36942494050136
2.37907835031376
2.38873226459109
2.39838673619209
2.40804192506619
2.41769811535809
2.42735566738229
2.43701490539099
2.44667603178219
2.45633913585777
2.46600425073156
2.47567139446229
2.48534058511335
2.49501184334722
2.50468519202614
2.5143606558444
2.52403826139763
2.53371803754419
2.54340001588245
2.55308423129074
2.56277072250276
2.57245953270526
2.5821507101843
2.59184430900566
2.60154038975852
2.61123902036665
2.6209402769506
2.63064424475612
2.64035101914005
2.65006070661152
2.65977342591801
2.66948930915897
2.67920850292082
2.68893116940895
2.69865748756501
2.70838765409371
2.71812188439903
2.72786041334423
2.73760349572241
2.74735140637335
2.75710443977477
2.76686290890221
2.77662714318625
2.78639748526813
2.79617428636945
2.80595790002414
2.81574867405002
2.82554694080556
2.83535300593122
2.84516713608939
2.85498954655898
2.86482038948899
2.87465974402442
2.88450760915146
2.89436389991625
2.90422844730615
2.91410100154184
2.92398123822733
2.93386876663343
2.94376313929647
2.95366386243059
2.96357040682735
2.97348221926412
2.98339873470989
2.99331938987279
3.00324363867777
3.01317096999553
3.02310092741082
3.03303312986798
3.04296729083122
3.05290323258454
3.06284089211492
3.07278031626478
3.0827216461678
3.0926650938067
3.10261091522981
3.11255938502289
3.12251077515059
3.1324653394679
3.14242330370704
3.1523848600304
3.16235016500053
3.17231933992943
3.18229247285769
3.19226962153533
3.20225081697931
3.2122360672973
3.22222536154278
3.2322186734628
3.24221596505891
3.25221718990004
3.26222229619526
3.27223122964854
3.28224393611215
3.29226036408899
3.30228046708496
3.31230420586901
3.3223315506441
3.33236248316896
3.3423969988235
3.35243510865962
3.36247684145585
3.3725222457965
3.38257139216435
3.3926243750614
3.40268131514369
3.41274236132828
3.42280769281973
3.43287752097441
3.4429520908855
3.45303168250993
3.46311661113537
3.47320722686118
3.4833039127381
3.49340708109847
3.50351716758946
3.51363462245364
3.52375989883094
3.53389343830739
3.54403565471057
3.55418691832369
3.56434754351936
3.57451778323487
3.58469783268754
3.59488784245707
3.60508793831003
3.61529824329648
3.62551889764499
3.6357500731541
3.64599198056274
3.65624486976619
3.66650902323296
3.67678474337729
3.68707233457425
3.69737208068628
3.70768421946837
3.71800891571545
3.72834623570821
3.73869612594092
3.74905839894909
3.75943272852459
3.76981865541193
3.7802156027445
3.79062289917525
3.80103980658297
3.81146554890381
3.82189933914367
3.83234040226272
3.84278799291528
3.85324140778926
3.86369999298827
3.87416314745833
3.88463032334439
3.89510102432702
3.9055748027746
3.91605125628194
3.92653002402784
3.93701078316883
3.94749324541691
3.95797715387597
3.96846228016791
3.97894842192785
3.98943540068338
3.9999230601836
4.01041126515058
4.02089990044081
4.03138887058878
4.04187809962866
4.05236753114875
4.06285712849895
4.07334687520109
4.08383677562531
4.09432685616146
4.10481716719235
4.1153077862678
4.12579882307981
4.13629042702407
4.14678279877731
4.15727620809439
4.16777102068899
4.17826773551748
4.18876702560783
4.19926975676135
4.2097769391313
4.22028958245513
4.2308084981601
4.24133415677158
4.25186667887234
4.26240594206059
4.27295172531026
4.28350382024095
4.29406208438724
4.3046264500451
4.31519691284075
4.32577351631667
4.33635633858621
4.34694548137814
4.35754106041933
4.36814319712906
4.37875201370131
4.38936763398771
4.39999018987487
4.4106198270155
4.42125669763155
4.43190092618301
4.44255253776761
4.45321135303122
4.46387688093366
4.474548269233
4.48522436466583
4.49590387204794
4.50658553654335
4.51726827351899
4.52795122029944
4.53863372756916
4.5493153189779
4.55999564067217
4.57067441262579
4.58135138831596
4.59202632713282
4.60269898340541
4.61336911340519
4.62403649602639
4.63470095624569
4.64536237841469
4.65602070244734
4.66667590593412
4.67732798184373
4.68797692149608
4.6986227082153
4.70926532222209
4.71990475597915
4.73054104214261
4.74117429923736
4.75180478743462
4.76243291561059
4.77305910948979
4.7836836158184
4.79430647209206
4.80492761852257
4.81554697571478
4.82616446039654
4.83677998141782
4.8473934356389
4.8580047053163
4.86861365555733
4.87922013134079
4.88982395410366
4.90042491772603
4.91102278339651
4.92161727280846
4.93220805909649
4.94279475504262
4.95337689794874
4.96395393033042
4.97452517494065
4.98508980154098
4.99564678141178
5.00619482348074
5.01673228319804
5.0272570305148
5.03776625572131
5.04825617927603
5.05872161316821
5.06915530047097
5.07954696323305
5.08988213406447
5.10014149440888
5.11030313282491
5.12035110632659
5.13028613645668
5.14012472160683
5.1498881372797
5.15959478636061
5.16925844975348
5.17888900315275
5.18849350720937
5.19807708141061
5.20764351124503
5.21719565399645
5.22673570930877
5.23626540178749
5.24578610638443
5.25529893604889
5.26480480408879
5.27430446920218
5.28379856842663
5.29328764160891
5.30277214985918
5.31225248973428
5.32172900431929
5.33120199201229
5.34067171368555
5.35013839879469
5.35960225110338
5.36906345467239
5.37852218075439
5.38797859644478
5.39743287655859
5.40688522101758
5.41633588062016
5.4257851926703
5.4352336223344
5.44468179464648
5.45413049238671
5.46358060146574
5.47303301200635
5.48248850647508
5.49194766506443
5.50141080682311
5.51087797919133
5.52034900056983
5.52982354215161
5.53930121801819
5.54878165362751
5.55826452082678
5.56774954484898
5.57723649503175
5.58672516964353
5.596215382442
5.60570695568646
5.61519972044062
5.62469352112098
5.63418821957476
5.64368369531506
5.65317984131113
5.66267655698285
5.67217374062359
5.68167128310884
5.69116906393672
5.70066694997751
5.71016479665679
5.71966245102272
5.72915975575032
5.73865655295402
5.74815268675084
5.75764800375069
5.76714235205718
5.77663558011219
5.7861275377172
5.79561808109818
5.80510708236043
5.81459444139411
5.82408009686593
5.83356403245035
5.84304627603012
5.85252689188108
5.86200596788137
5.87148360056896
5.88095988056954
5.89043487978341
5.89990864092125
5.90938117004298
5.91885243405889
5.92832236740992
5.93779089245126
5.94725794973656
5.95672351079517
5.96618752922747
5.97564983558613
5.98511008192486
5.99456781854797
6.00402262423954
6.01347417055676
6.02292220772901
6.03236652299289
6.04180690690773
6.05124313569678
6.06067496515393
6.0701021299582
6.07952434412525
6.08894130051399
6.09835266881513
6.10775809204773
6.11715718181187
6.12654951253966
6.13593461501105
6.14531196957238
6.15468099969645
6.16404106672493
6.17339146687478
6.18273143169171
6.19206013306001
6.20137669375344
6.21068020408041
6.21996974471773
6.22924441504127
6.23850336562715
6.24774583268347
6.25697117165295
6.26617888681434
6.27536865384713
6.28454033293674
6.29369397101139
6.30282979318137
6.31194818470873
6.32104966595256
6.33013486324227
6.33920447863104
6.34825926095383
6.35729997994353
6.36632740433139
6.37534228417522
6.38434533704647
6.39333723742128
6.40231860842459
6.41129001510171
6.4202519586914
6.42920487164606
6.43814911339838
6.44708496686228
6.45601263528262
6.46493223861754
6.47384380814774
6.48274727805202
6.49164247324041
6.50052909416005
6.50940670239753
6.51827471654866
6.52713243628199
6.53597911968774
6.54481413114287
6.55363713554696
6.56244824918511
6.57124803869897
6.58003734982001
6.58881707112472
6.59758796001747
6.60635057974631
6.61510531835655
6.62385243687733
6.63259211116104
6.64132445703198
6.65004954249385
6.65876739320328
6.667477995217
6.67618129672045
6.68487720927377
6.69356560871267
6.70224633576827
6.71091919650046
6.71958396269581
6.72824037235604
6.73688813045188
6.74552690999668
6.75415635343365
6.76277607427802
6.77138565887663
6.77998466828759
6.78857264042112
6.79714909282895
6.80571352672256
6.81426543286776
6.82280429993284
6.8313296256317
6.83984093060743
6.84833777462682
6.85681977412562
6.86528661969195
6.8737380917114
6.88217407238857
6.8905945524357
6.89899963140908
6.90738951150095
6.91576448551669
6.92412492071548
6.93247124063227
6.9408039072798
6.94912340576133
6.95743023265406
6.9657248886937
6.974007875381
6.98227969448396
6.99054084916313
6.99879184560336
7.00703319442078
7.01526541161264
7.02348901927564
7.03170454667686
7.039912532393
7.04811352831075
7.05630810630742
7.06449686825919
7.07268045963675
7.08085958611911
7.0890350312339
7.09720767128971
7.10537848250754
7.11354853527133
7.12171897242521
7.1298909715026
7.13806569330432
7.14624422047666
7.15442749115935
7.16261623638523
7.17081093551302
7.17901180664592
7.18721884142095
7.19543187541739
7.20365066917425
7.21187497424348
7.22010457235366
7.22833929049629
7.23657900140396
7.24482361799438
7.25307308682396
7.26132738250263
7.2695865033941
7.27785046827775
7.28611931356592
7.29439309079632
7.30267186427556
7.31095570888842
7.31924470825486
7.32753895347781
7.33583854274465
7.34414358198306
7.35245418654023
7.36077048359754
7.36909261459935
7.37742073674712
7.38575502239469
7.39409565535536
7.4024428237276
7.41079670959905
7.41915747700401
7.42752526005159
7.43590015327044
7.44428220570044
7.45267141952919
7.46106775303918
7.46947112682409
7.47788143180778
7.4862985375188
7.49472229950836
7.50315256524411
7.51158917838795
7.52003198160079
7.52848081811729
7.5369355323766
7.54539596992949
7.55386197683889
7.56233339873953
7.57081007974211
7.57929186139755
7.58777858186907
7.59627007551685
7.6047661730119
7.61326670198992
7.62177148818609
7.63028035684043
7.63879313405687
7.64730964773489
7.65582972769133
7.66435320464729
7.67287990782133
7.68140966095481
7.68994227657396
7.69847754826387
7.70701524075289
7.71555507818708
7.7240967332575
7.73263982565734
7.74118394780863
7.74972873674283
7.7582739662327
7.7668195286073
7.77536517170457
7.78391015262797
7.79245320401032
7.80099291575644
7.80952819914475
7.81805846781334
7.8265835223551
7.83510334820494
7.84361796775611
7.85212736866632
7.86063148184714
7.86913018182228
7.87762329349255
7.88611059863339
7.89459184034032
7.90306672558024
7.91153492652771
7.91999608137894
7.92844979531336
7.93689564218091
7.9453331675068
7.95376189350133
7.9621813267418
7.97059096919859
7.97899033316146
7.98737896025177
7.99575644411782
8.00412245553885
8.01247676768208
8.02081927819032
8.02915002453929
8.03746918944314
8.04577709457699
8.05407418296858
8.06236099244205
8.07063812409484
8.07890621007502
8.08716588464732
8.09541776162916
8.1036624204945
8.1119004029445
8.12013222145277
8.12835838100554
8.13657941386984
8.14479592293702
8.15300861898261
8.16121832073833
8.16942587802203
8.17763201042748
8.18583713629612
8.19404131027988
8.20224430110327
8.21044572629946
8.21864515778479
8.2268421742449
8.23503637592429
8.24322738717918
8.25141487137978
8.25959857682416
8.26777841251472
8.2759545133886
8.28412722541107
8.29229698470609
8.30046416763647
8.30862901514306
8.31679164438618
8.32495208748464
8.3331103121187
8.34126622137434
8.34941964949173
8.35757036877876
8.36571811190528
8.37386259855597
8.3820035516824
8.39014070887558
8.39827384675656
8.40640281119082
8.41452752824071
8.42264798931292
8.43076422424656
8.43887627675817
8.44698418828572
8.4550879899545
8.46318770016576
8.47128332543176
8.47937486287173
8.48746230351027
8.49554563602718
8.50362485083797
8.51169994448112
8.51977092435367
8.5278378137253
8.53590065692451
8.54395952442894
8.55201451754179
8.56006577212792
8.56811346093755
8.57615779396182
8.58419901650781
8.59223740487721
8.60027325987119
8.60830689866522
8.61633864584549
8.62436882446472
8.63239774791953
8.64042571323367
8.64845299605958
8.65647984747176
8.66450649239613
8.67253312940644
8.68055993157241
8.68858704803277
8.69661460598846
8.70464271293651
8.71267145887943
8.72070091845719
8.72873115283409
8.73676221134848
8.74479413285461
8.75282694685166
8.76086067450826
8.76889532977349
8.77693092090615
8.78496745269933
8.79300492965051
8.80104336004052
8.80908276066115
8.81712316172788
8.82516461168675
8.83320718225769
8.84125097474337
8.84929612909027
8.8573428366586
8.865391356137
8.87344202979033
8.88149529531953
8.88955168835016
8.89761183283473
8.90567642071703
8.91374618569202
8.92182187673935
8.92990423526627
8.93799397686903
8.94609177667727
8.95419825647077
8.96231397205405
8.97043940010516
8.97857492454206
8.98672082328376
8.99487725706985
9.0030442626672
9.0112217531129
9.01940952729693
9.0276072898253
9.03581467979986
9.04403130471202
9.05225677401311
9.06049072732666
9.06873285447643
9.07698290732384
9.08524070518201
9.09350613586976
9.10177915379595
9.11005977592425
9.11834807627814
9.12664417975287
9.13494825596107
9.14326051367535
9.15158119616581
9.15991057749466
9.16824895966432
9.17659667045491
9.18495406174894
9.19332150812566
9.20169940550568
9.21008816963455
9.21848823421156
9.22690004845861
9.23532407404806
9.24376078135167
9.25221064516278
9.26067414020329
9.26915173688178
9.27764389783144
9.28615107572893
9.29467371270107
9.30321224143754
9.31176708792484
9.32033867565516
9.32892743113497
9.33753379052008
9.34615820703448
9.354801158631
9.36346315502661
9.37214474309678
9.38084650952427
9.38956907953207
9.39831311060047
9.40707928034369
9.4158682686822
9.42468073558044
9.43351729668358
9.44237849947708
9.45126480203555
9.46017655542478
9.46911398970753
9.47807720295719
9.48706615346698
9.49608065759544
9.50512039916038
9.51418495857344
9.52327386740886
9.53238668441316
9.54152307661347
9.5506828853315
9.55986616702674
9.56907321093785
9.57830453481354
9.58756085435202
9.59684302658181
9.60615197762158
9.61548862773387
9.62485382047402
9.63424825555331
9.64367242155346
9.65312652499966
9.66261041582346
9.67212351584249
9.68166476577914
9.69123261472
9.70082507666961
9.71043986483378
9.7200745856338
9.72972694547946
9.73939491359041
9.74907680402191
9.75877127832734
9.76847729983469
9.77819407492615
9.78792100239235
9.79765763560613
9.80740365333845
9.81715883423693
9.82692303337748
9.83669616201685
9.8464781719397
9.85626904444637
9.86606878300801
9.87587740840621
9.88569495551839
9.89552147119583
9.90535701288229
9.91520164760674
9.92505545085938
9.93491850459912
9.94479089364251
9.95467269983117
9.96456399400289
9.9744648266344
9.98437521891818
9.99429515643391
10.004224587164
10.0141634243822
10.0241115529988
10.0340688364036
10.0440351206557
10.0540102344679
10.0639939854715
10.0739861547451
10.0839864914211
10.0939947083775
10.1040104792479
10.1140334365834
10.1240631713263
10.1340992340832
10.1441411385984
10.1541883667214
10.1642403715636
10.174296572829
10.184356338012
10.1944189480065
10.2044835537913
10.2145491363189
10.2246144815393
10.2346781801563
10.2447386596917
10.254794252166
10.2648432890136
10.2748841984298
10.2849155705194
10.2949361643305
10.3049448571897
10.3149405655261
10.3249221803716
10.3348885538101
10.3448385485499
10.3547711324557
10.3646854774838
10.3745810215869
10.3844574726994
10.3943147611477
10.4041529646394
10.4139722330318
10.4237727320731
10.4335546132425
10.4433180061424
10.4530630245108
10.4627897769335
10.4724983764069
10.4821889464092
10.4918616232759
10.5015165557123
10.5111539022041
10.5207738268868
10.5303764940366
10.5399620613177
10.5495306720191
10.5590824469157
10.5686174769021
10.5781358178583
10.5876374892083
10.5971224770095
10.6065907412417
10.6160422254999
10.6254768663117
10.6348945993783
10.6442953614076
10.6536790880434
10.6630457096853
10.6723951470732
10.6817273079127
10.6910420848066
10.7003393541607
10.7096189754178
10.7188807900212
10.7281246195279
10.7373502621252
10.7465574862593
10.7557460196464
10.7649155322612
10.7740656137784
10.7831957485797
10.79230529289
10.8013934574983
10.8104592969332
10.8195017042377
10.8285194103407
10.8375109877902
10.8464748592601
10.8554093114029
10.8643125141974
10.8731825450746
10.8820174161635
10.8908151020292
10.8995735650443
10.9082907761524
10.9169647303828
10.925593458572
10.9341750386576
10.9427076107564
10.9511893997491
10.9596187470754
10.9679941509649
10.9763143115594
10.9845781759248
10.9927849776013
11.0009342664132
11.0090259261844
11.0170601797556
11.0250375822862
11.0329590044464
11.0408256072939
11.048638810642
11.056400256538
11.0641117694773
11.0717753150326
11.0793929585935
11.0869668258465
11.0944990663695
11.1019918214258
11.1094471965931
11.1168672395148
11.1242539226416
11.1316091306639
11.1389346520499
11.1462321741434
11.1535032811725
11.1607494546039
11.1679720753361
11.1751724272782
11.1823517019467
11.1895110038017
11.1966513560223
11.2037737065343
11.2108789340752
11.2179678541126
11.2250412244822
11.2320997505989
11.2391440901841
11.2461748574385
11.2531926266944
11.2601979355643
11.2671912876612
11.274173154958
11.2811439798676
11.2881041770989
11.2950541353436
11.3019942188155
11.3089247686806
11.3158461043799
11.3227585248578
11.3296623096969
11.3365577201594
11.3434450001387
11.3503243770138
11.3571960624086
11.3640602528656
11.3709171304399
11.3777668632387
11.3846096059361
11.3914455002841
11.3982746756377
11.4050972494994
11.4119133280645
11.4187230067402
11.4255263706021
11.4323234947516
11.4391144445337
11.4458992755969
11.452678033782
11.4594507548478
11.466217464062
11.4729781756886
11.4797328924212
11.4864816048443
11.4932242909538
11.4999609158204
11.5066914314231
11.5134157767147
11.5201338779235
11.5268456491044
11.5335509929406
11.5402498017961
11.5469419590263
11.5536273405503
11.5603058167776
11.5669772550283
11.5736415226578
11.5802984912335
11.5869480422743
11.593590075339
11.600224519504
11.6068513499475
11.6134706119394
11.6200824558638
11.6266871887178
11.6332853499368
11.6398778232283
11.6464660004185
11.6530520168302
11.6596390735458
11.6662318349567
11.6728368056945
11.6794624199053
11.6861183945049
11.6928140572774
11.699556200674
11.7063477870226
11.713188223961
11.7200746110684
11.7270030079344
11.7339692813783
11.7409695402497
11.7480003056023
11.7550585431266
11.762141634638
11.7692473282592
11.7763736852542
11.7835190311254
11.7906819131653
11.7978610647177
11.8050553754979
11.8122638670913
11.8194856727466
11.8267200207986
11.833966221059
11.8412236537242
11.8484917604104
11.8557700369861
11.8630580279357
11.870355322
11.8776615489071
11.8849763769502
11.8922995112167
11.8996306922856
11.9069696952108
11.9143163286259
11.9216704338608
11.9290318839391
11.9364005824179
11.9437764620421
11.9511594832427
11.9585496325506
11.9659469210067
11.973351382665
11.9807630732722
11.988182069176
11.9956084665015
12.003042380611
12.010483945833
12.017933315464
12.025390662015
12.0328561776917
12.0403300750945
12.0478125881314
12.0553039731529
12.062804510295
12.0703145050676
12.0778342901893
12.0853642277003
12.0929047113813
12.1004561694943
12.1080190678874
12.1155939134937
12.1231812582649
12.1307817035922
12.1383959052637
12.146024579029
12.1536685068593
12.1613285439968
12.1690056269026
12.1767007822171
12.1844151368994
12.1921499296627
12.1999065238949
12.207686422233
12.2154912829836
12.2233229385369
12.2311834159269
12.2390749595888
12.2470000562189
12.2549614613899
12.2629622271232
12.2710057290328
12.2790956906549
12.2872362012165
12.2954317214137
12.3036870696102
12.3120073787788
12.3203980130077
12.328864432658
12.3374120010441
12.3460457341674
12.3547700092114
12.3635882645886
12.3725027385307
12.3815142965862
12.3906223852209
12.3998251216515
12.4091194987027
12.4185016609714
12.427967202064
12.437511440182
12.4471296456585
12.4568172094991
12.4665697540504
12.4763831941551
12.4862537598949
12.496177992448
12.506152723567
12.5161750471907
12.526242289538
12.5363519816194
12.5465018360205
12.5566897282008
12.5669136817424
12.5771718565589
12.5874625392053
12.5977841347773
12.6081351603164
12.6185142396699
12.628920099949
12.6393515694228
12.6498075762304
12.660287147089
12.6707894049844
12.6813135651088
12.6918589288928
12.7024248764893
12.7130108585645
12.7236163882395
12.7342410339247
12.7448844134077
12.7555461893071
12.7662260657899
12.7769237863602
12.7876391325059
12.7983719229872
12.8091220134998
12.8198892963611
12.8306736996868
12.841475185404
12.8522937453473
12.8631293947895
12.8739821628393
12.8848520795011
12.8957391595522
12.906643384119
12.9175646816068
12.9285029104178
12.9394578456003
12.95042917014
12.9614164705114
12.9724192383755
12.983436884262
12.9944687675163
13.0055142359983
13.0165726554118
13.0276434001511
13.0387257824127
13.0498189171717
13.0609215512575
13.0720319119008
13.0831476448566
13.0942659035685
13.1053836030478
13.1164977688818
13.1276058499113
13.138705885845
13.1497965107967
13.1608768456572
13.1719463445825
13.1830046398909
13.1940514122547
13.2050863062872
13.2161089016803
13.2271187305367
13.2381153163499
13.2490982112458
13.2600670200919
13.2710214108749
13.2819611154311
13.2928859248523
13.3037956827626
13.3146902788166
13.3255696444866
13.3364337532677
13.3472826265257
13.3581163436698
13.3689350506989
13.3797389563664
13.3905283053099
13.4013033275078
13.4120641794766
13.4228109016804
13.4335434075158
13.4442615008661
13.4549649075805
13.4656533064781
13.4763263508989
13.4869836767043
13.4976248949541
13.5082495684054
13.5188571722674
13.5294470430916
13.5400183253
13.5505699298239
13.5611005169735
13.5716085018745
13.5820920612368
13.5925491128969
13.6029772588406
13.6133737203783
13.623735324649
13.6340586042795
13.6443400405947
13.6545764172393
13.6647651757838
13.6749046330175
13.6849939775687
13.695033075121
13.7050221855296
13.7149616938227
13.7248519130221
13.7346929733665
13.7444847873352
13.7542270708827
13.7639194015598
13.7735612981377
13.7831523102116
13.792692108978
13.8021805716351
13.8116178524161
13.8210044336258
13.8303411518196
13.8396291961981
13.8488700799236
13.8580655883689
13.8672177111992
13.8763285666047
13.8854003261273
13.8944351470903
13.9034351174885
13.9124022159845
13.9213382875
13.9302450331979
13.9391240124786
13.9479766537212
13.9568042701864
13.9656080776973
13.9743892112658
13.9831487388946
13.991887671726
14.0006069706429
14.0093075499915
14.0179902793581
14.0266559843985
14.0353054475546
14.0439394093277
14.0525585704914
14.061163595337
14.06975511571
14.0783337353437
14.0869000338071
14.0954545694588
14.1039978810632
14.1125304881143
14.1210528902712
14.129565566509
14.1380689745942
14.1465635512451
14.1550497131296
14.1635278585476
14.1719983695213
14.1804616139304
14.1889179473434
14.1973677142417
14.2058112484214
14.2142488723799
14.2226808955614
14.2311076113684
14.23952929286
14.2479461870878
14.2563585080406
14.2647664281985
14.2731700687183
14.2815694883847
14.2899646716379
14.2983555163503
14.3067418226006
14.3151232843736
14.3234994868703
14.3318699124966
14.3402339584341
14.3485909675222
14.3569402719703
14.3652812465102
14.3736133646767
14.3819362500323
14.390249714263
14.3985537763664
14.4068486609826
14.4151347781221
14.4234126896896
14.4316830695092
14.4399466631196
14.4482042519096
14.4564566240369
14.4647045527124
14.4729487812164
14.481190013375
14.489428908153
14.4976660772184
14.5059020846994
14.5141374487208
14.5223726445186
14.5306081090841
14.5388442471489
14.5470814380057
14.5553200422167
14.5635604070294
14.571802869442
14.580047756631
14.5882953843724
14.5965460547074
14.6048000539822
14.6130576517902
14.6213191006832
14.6295846363467
14.6378544779264
14.6461288284308
14.6544078753344
14.6626917915319
14.6709807368603
14.6792748603129
14.6875743030204
14.6958792018889
14.7041896936949
14.7125059192467
14.7208280272116
14.7291561772307
14.7374905421234
14.7458313092379
14.7541786812123
14.7625328765051
14.7708941299901
14.7792626937472
14.7876388379887
14.7960228519081
14.8044150442809
14.8128157436552
14.8212252981587
14.8296440750906
14.8380724605126
14.8465108591338
14.8549596946616
14.8634194106393
14.8718904716636
14.8803733647113
14.8888686001425
14.8973767119346
14.9058982566378
14.9144338106833
14.9229839659033
14.9315493235033
14.9401304872695
14.9487280573298
14.9573426261537
14.9659747785119
14.9746250963912
14.983294168612
14.991982603301
15.0006910403096
15.0094201606139
15.0181706907683
15.0269434020925
15.0357391055211
15.0445586436312
15.0534028816605
15.0622726991953
15.0711689841323
15.0800926303088
15.0890445398403
15.0980256305685
15.1070368479026
15.1160791786085
15.1251536614745
15.1342613864778
15.1434034712295
15.1525810031622
15.1617949422595
15.1710459944333
15.180334486154
15.1896602834517
15.1990227886226
15.2084210167703
15.2178537220534
15.2273195314961
15.2368170545525
15.2463449558608
15.2559019937536
15.2654870337148
15.2750990464063
15.2847370976332
15.2944003350714
15.3040879744969
15.3137992870572
15.3235335882273
15.3332902287235
15.3430685873173
15.3528680654694
15.3626880834994
15.3725280780912
15.3823875009793
15.3922658185281
15.4021625120646
15.412077078799
15.4220090331681
15.4319579084359
15.4419232584339
15.4519046592275
15.4619017106481
15.4719140375327
15.4819412906113
15.4919831470529
15.502039310733
15.5121095123862
15.5221935099082
15.5322910891128
15.5424020653647
15.5525262866228
15.5626636387612
15.5728140543591
15.5829775261971
15.5931541241802
15.6033440056375
15.6135473948564
15.6237645112269
15.6339954765642
15.6442402788929
15.6544988211689
15.6647710105284
15.6750568414966
15.6853564494239
15.6956701259276
15.7059983043698
15.7163415326324
15.72670044656
15.7370757491551
15.7474681956186
15.7578785845496
15.7683077577189
15.7787566117211
15.789226122102
15.7997173751444
15.8102315972697
15.8207701705665
15.8313346257331
15.8419266076809
15.8525478125365
15.8631998961081
15.873884355504
15.8846023895651
15.8953547512771
15.9061416155583
15.9169624930259
15.9278162180131
15.938701022598
15.9496146833894
15.9605547065919
15.9715185105478
15.982503574799
15.9935075419367
16.0045282738526
16.0155638725047
16.0266126774235
16.0376732503627
16.0487443545018
16.0598249325108
16.0709140856144
16.082011054394
16.09311520129
16.1042259947604
16.1153429952864
16.1264658436349
16.1375942517564
16.1487279964148
16.1598669156334
16.1710109090021
16.1821599453853
16.1933140857595
16.2044735334403
16.21563872224
16.2268104319987
16.2379898682631
16.2491785814803
16.260378160121
16.2715899303158
16.2828149433904
16.2940540392521
16.3053076800674
16.316575668765
16.3278571093775
16.3391507423504
16.3504553766181
16.3617701157547
16.3730943701441
16.3844277949131
16.3957702422122
16.4071217397403
16.4184824750483
16.4298527690061
16.4412330405497
16.4526237760973
16.4640255096263
16.4754388064821
16.4868642407439
16.4983023614341
16.5097536486796
16.5212184641928
16.5326970021141
16.544189247627
16.5556949514134
16.5672136262995
16.5787445687408
16.5902869020482
16.6018396337517
16.6134017173806
16.6249721100808
16.6365498210204
16.6481339490456
16.6597237108813
16.6713184614415
16.6829177053007
16.6945210922229
16.7061283806182
16.7177393468263
16.7293536283323
16.740970528763
16.7525888712269
16.7642070139733
16.7758230793143
16.7874353114782
16.7990424270872
16.8106438231294
16.822239297785
16.8338283236618
16.8454098696755
16.8569827982434
16.8685461116797
16.8800990366374
16.8916410682098
16.9031719138643
16.9146913278732
16.9261989249059
16.9376940454699
16.949175685035
16.9606424641056
16.9720926117147
16.983523944318
16.9949338347988
17.0063191772023
17.0176763621266
17.0290012872059
17.0402894358563
17.0515360613823
17.0627365021362
17.0738866163547
17.084983263534
17.0960247036075
17.1070107834452
17.117942854048
17.128823468073
17.1396559746704
17.1504441264928
17.161191767638
17.1719026216749
17.1825801687496
17.1932275891619
17.2038477515745
17.214443228527
17.2250163268971
17.2355691245717
17.2461035061614
17.2566211906699
17.2671237427348
17.2776125574688
17.2880888092536
17.2985533648452
17.3090066898647
17.3194488126765
17.3298793967941
17.3402978945148
17.3507036986738
17.361096239399
17.3714750329841
17.3818397172088
17.3921900970911
17.4025261973525
17.412848292429
17.4231568824838
17.4334526140393
17.4437361812771
17.4540082480678
17.4642694012519
17.4745201184959
17.4847607315383
17.4949913925556
17.5052120909507
17.5154227573673
17.5256234240887
17.535814382212
17.5459962939347
17.5561702100967
17.5663374324901
17.5764992486013
17.5866566993817
17.5968104912809
17.6069610063634
17.6171083466588
17.6272524003555
17.6373929190461
17.647529582697
17.657662039817
17.6677899273486
17.6779128800337
17.6880305346252
17.6981425291746
17.7082484958228
17.7183480466941
17.7284407547906
17.7385261338893
17.7486036232158
17.7586725841215
17.7687323149054
17.7787820837811
17.7888211696178
17.7988488930322
17.8088646255018
17.8188677790082
17.8288577892532
17.8388341043418
17.8487961850317
17.8587435189522
17.8686756495506
17.8785922172003
17.8884930056973
17.8983779838914
17.908247331824
17.9181014441714
17.9279409102123
17.9377664756848
17.9475789952888
17.9573793849504
17.967168580164
17.9769475036331
17.9867170427091
17.9964780354077
18.0062312630661
18.0159774475085
18.025717250793
18.035451275752
18.0451800658593
18.054904103524
18.0646238070802
18.0743395279524
18.0840515502389
18.0937600940707
18.1034653220092
18.1131673459295
18.1228662314118
18.1325619972251
18.1422546084701
18.1519439628658
18.1616298707956
18.171312031974
18.1809900165498
18.1906632673027
18.200331148351
18.2099930563023
18.2196485575214
18.2292974499539
18.2389396851422
18.2485752330723
18.258204023245
18.267825997071
18.2774412293917
18.2870500534301
18.2966530866212
18.3062510973514
18.3158448534687
18.3254350948452
18.3350225131912
18.3446076425841
18.3541907527995
18.3637718419612
18.3733507093247
18.3829270328466
18.3925004147436
18.4020704131706
18.4116365922911
18.4211985903386
18.430756155297
18.4403091029489
18.4498572322777
18.4594002680954
18.4689378431503
18.4784694925737
18.4879946459606
18.4975126175179
18.5070225967381
18.5165236407063
18.5260146696805
18.535494469287
18.5449617047477
18.5544149534371
18.5638527607716
18.5732737191447
18.5826765599499
18.5920602365965
18.6014239702217
18.6107672381591
18.6200897108017
18.6293911755608
18.6386715067097
18.6479307267546
18.6571691515015
18.6663875417343
18.6755871611765
18.6847696973581
18.6939370877728
18.7030913303449
18.7122343349696
18.7213678335257
18.7304933403886
18.7396121475631
18.7487253399916
18.757833820587
18.7669383380908
18.7760395134465
18.785137862279
18.7942338123558
18.8033277158497
18.8124198569298
18.8215104561109
18.8305996743158
18.8396876226382
18.8487743887449
18.8578600954791
18.8669450024384
18.8760296294864
18.8851148191006
18.894201620476
18.9032909680642
18.9123833124271
18.9214784533503
18.9305756953278
18.9396741869773
18.9487731909678
18.9578721733433
18.9669707731059
18.9760687418975
18.9851658960389
18.9942620869974
19.0033571851181
19.012451071381
19.0215436339003
19.0306347671722
19.0397243728727
19.0488123614802
19.0578986542866
19.066983185563
19.0760659047945
19.0851467789807
19.0942257950996
19.1033029627976
19.1123783173329
19.1214519224254
19.1305238721879
19.1395942902508
19.1486633228731
19.1577311212401
19.1667978075148
19.175863421463
19.1849278521131
19.193990773877
19.2030516241526
19.2121096661297
19.2211641544041
19.2302145569584
19.2392607270959
19.2483029330314
19.2573417490713
19.2663778976113
19.2754121248647
19.284445131062
19.2934775364036
19.3025098647424
19.3115425386587
19.3205758842801
19.3296101431538
19.33864548741
19.3476820345611
19.3567198596897
19.3657590040942
19.3747994802837
19.3838412735608
19.3928843403272
19.4019286032085
19.4109739432352
19.4200201899502
19.4290671118016
19.4381144111387
19.4471617288171
19.4562086592102
19.4652547641522
19.4742995624803
19.4833424858486
19.4923828433112
19.5014198776514
19.5104529648855
19.5194819120068
19.5285071904019
19.5375299137945
19.5465515375924
19.5555734567561
19.5645966977459
19.5736218080258
19.5826489467953
19.5916780808517
19.6007091549385
19.6097421743498
19.6187772192312
19.6278144322182
19.6368540043271
19.6458961665616
19.6549411872248
19.6639893733711
19.6730410751822
19.6820966925458
19.6911566835424
19.7002215747078
19.7092919731087
19.7183685801629
19.7274522068923
19.7365437897186
19.7456444048498
19.7547552777217
19.7638777818379
19.7730134190838
19.7821637722797
19.7913304220167
19.8005148270496
19.8097181839958
19.8189413072333
19.8281845868198
19.8374480561272
19.8467315251894
19.8560346859955
19.8653571371838
19.8746983498504
19.8840576239326
19.8934340701107
19.9028266284159
19.9122341169805
19.921655295986
19.9310889312813
19.940533846618
19.9499889594803
19.959453300702
19.968926021032
19.9784063886425
19.9878937811073
19.9973876740119
20.0068876270652
20.0163932672442
20.0259042679577
20.0354203240024
20.0449411249128
20.0544663331953
20.0639955761437
20.073528460207
20.0830646204665
20.0926038277304
20.102146171957
20.1116922662645
20.1212432560905
20.1308004111338
20.1403645229944
20.1499357210515
20.1595138154251
20.1690985648538
20.1786896357853
20.1882866321176
20.1978892412455
20.20749729663
20.2171107519422
20.2267296374761
20.2363540278081
20.2459840205961
20.2556197211755
20.2652612308048
20.2749086409842
20.2845620400766
20.2942215391931
20.3038873197995
20.3135596966673
20.3232391827749
20.3329265443955
20.3426228435059
20.3523294735158
20.3620481972009
20.3717811923944
20.3815311037242
20.3913010880615
20.4010948282739
20.4109164730266
20.4207704434101
20.4306610396148
20.4405918031946
20.4505646724528
20.4605791371237
20.4706318144473
20.4807169131066
20.490827624273
20.500957772016
20.5111028648474
20.5212602451725
20.5314286227745
20.5416074314744
20.551796312311
20.5619948319134
20.5722023980118
20.5824182808138
20.5926416704548
20.6028717356821
20.6131076689515
20.6233487134488
20.6335941742674
20.6438434190911
20.654095873216
20.6643510102032
20.6746083318425
20.6848673172017
20.695127303821
20.7053872711364
20.7156455806152
20.7258998932366
20.736147544684
20.7463863927748
20.7566158212356
20.7668372210975
20.7770532847244
20.7872668601202
20.7974801493337
20.8076942922537
20.8179095805414
20.8281259963249
20.8383435209376
20.8485621966373
20.8587821018824
20.8690033131782
20.8792258690101
20.8894497358923
20.8996747775121
20.9099007360392
20.920127244682
20.9303538940349
20.9405803603362
20.9508065693289
20.9610328395052
20.9712599567288
20.9814891745937
20.991722167036
21.0019609538243
21.0122077899147
21.0224649786519
21.0327345464832
21.0430177195178
21.0533142206455
21.063621650192
21.0739355956336
21.0842510790502
21.0945647427154
21.104875972587
21.115186175036
21.1254972789151
21.1358107416454
21.1461273311233
21.1564472821783
21.166770498397
21.1770967120854
21.1874256015345
21.1977568668641
21.2080902663404
21.2184256230811
21.2287628162133
21.2391017675449
21.2494424294922
21.259784776532
21.2701288018429
21.2804745231013
21.2908220061949
21.3011714210829
21.3115231415386
21.3218778719989
21.3322367239246
21.3426011279419
21.3529725431369
21.3633520576693
21.373740026383
21.3841358979198
21.3945383739481
21.4049458127511
21.4153565985426
21.4257694862692
21.4361838369135
21.446599523009
21.4570166741428
21.4674354920107
21.4778561829589
21.4882789714102
21.4987041479583
21.5091321462249
21.5195637156379
21.5300000369147
21.5404419872163
21.550889064055
21.5613400847404
21.5717944650292
21.5822525567917
21.5927154049001
21.603184432302
21.6136612169846
21.6241473481982
21.6346443156354
21.6451534061452
21.6556755956553
21.6662114013982
21.676760617438
21.6873219155591
21.6978926392383
21.7084694148009
21.7190495318586
21.7296319599313
21.7402172548941
21.7508068716361
21.761402511682
21.7720056010204
21.7826169094986
21.793236434622
21.8038635815896
21.8144974769798
21.8251372279777
21.8357820521302
21.8464312923773
21.8570843593797
21.8677406391113
21.8783994038029
21.8890597902155
21.8997209681089
21.9103826882323
21.9210461626679
21.9317139369815
21.942387234895
21.9530647236097
21.9637444580005
21.9744253206191
21.9851075801514
21.995792709107
22.006482332412
22.01717738493
22.0278779728045
22.0385833540842
22.0492921454876
22.0600031073589
22.070715723543
22.0814301093605
22.0921471268873
22.1028683239668
22.1135953452583
22.1243292607515
22.1350702278389
22.1458175221802
22.1565702699237
22.1673287794518
22.1780946394383
22.1888696397157
22.1996559879926
22.2104564766579
22.2212733326832
22.232106740411
22.2429542150979
22.2538115805718
22.2646755290441
22.2755462151967
22.2864266802321
22.2973180908618
22.308218136862
22.3191244888273
22.3300366570212
22.3409554693706
22.3518820781665
22.3628173992461
22.3737619591643
22.3847159271757
22.3956791660503
22.4066509005943
22.4176284683097
22.4286070729361
22.4395826430682
22.4505542145191
22.4615239519831
22.4724960943035
22.4834748838859
22.4944618178581
22.505455732371
22.5164553115396
22.5274604560391
22.5384721811746
22.5494920869417
22.5605225823187
22.5715673634732
22.5826296137696
22.5937087781382
22.6048006933025
22.6159004432152
22.6270041761627
22.6381103741574
22.6492197431675
22.6603339874248
22.671454944582
22.6825842875836
22.6937234261932
22.7048732926048
22.7160339025722
22.7272039040907
22.7383807457479
22.7495617192099
22.7607445600784
22.7719276651911
22.783111128711
22.7942970499986
22.8054888191611
22.8166901789034
22.8279043293855
22.8391331293752
22.8503766506837
22.8616334203886
22.8729010440766
22.8841761057082
22.8954544190245
22.9067334912507
22.9180141397189
22.929299485865
22.9405930848234
22.9518975737523
22.9632140216434
22.9745417593173
22.9858786165164
22.9972215451431
23.0085672723911
23.0199131170164
23.031258132102
23.0426030470513
23.0539491401289
23.065297355171
23.0766479863454
23.0880007642311
23.0993552005614
23.1107109436884
23.1220678480433
23.1334255878217
23.1447832258322
23.1561401767225
23.1674967082394
23.1788533797245
23.1902106412358
23.2015687309506
23.2129275570674
23.2242865340889
23.2356445706486
23.2470003251224
23.2583529273065
23.269703046956
23.281053116278
23.2924054880282
23.3037607618008
23.3151184196839
23.32647748029
23.3378363104249
23.3491927004734
23.360544772959
23.3718920955917
23.3832359292825
23.3945783724462
23.4059213451677
23.4172661490445
23.4286133420017
23.4399624288861
23.4513112547021
23.4626556797222
23.4739909694887
23.4853154312807
23.4966332690091
23.5079521521946
23.5192766338046
23.53060651162
23.541939986095
23.5532753670257
23.5646112744126
23.5759465421314
23.5872801043871
23.5986108812771
23.6099378145099
23.6212602870048
23.6325788931791
23.643895673034
23.6552130576162
23.6665329550997
23.6778564831344
23.6891836842727
23.7005136838985
23.7118451269692
23.7231764432482
23.7345060895444
23.7458329137905
23.7571564249798
23.7684766636854
23.7797940874257
23.7911096082551
23.8024244076454
23.8137396599379
23.8250563043858
23.8363747894532
23.8476947160383
23.8590144882417
23.8703313829604
23.8816426051198
23.8929472193891
23.9042470136784
23.9155445504839
23.9268412615143
23.9381376122819
23.949433298744
23.9607268403654
23.9720154818442
23.9832962772168
23.9945680639115
24.0058326469882
24.0170937597257
24.0283546556439
24.0396167328302
24.0508797684868
24.0621426028823
24.07340359527
24.084660855623
24.0959124064543
24.1071564269433
24.1183917367551
24.1296186050525
24.1408396825843
24.1520600042923
24.1632840946016
24.1745124065159
24.1857428041541
24.1969732682412
24.2082025927001
24.2194302271885
24.2306559977551
24.2418798054962
24.2531013752362
24.2643203119316
24.2755366855057
24.2867516799558
24.2979676559314
24.3091875763634
24.3204139602392
24.3316480319096
24.3428895275499
24.3541371036211
24.3653893080112
24.3766460620595
24.3879094857946
24.3991816399238
24.4104617704199
24.421748305803
24.4330410043239
24.4443410035856
24.4556504472421
24.4669720618768
24.4783084618519
24.4896612230015
24.5010299780516
24.5124118999241
24.5238021898421
24.5351959829061
24.5465906717894
24.5579868336573
24.5693875294894
24.5807971754358
24.5922206327398
24.6036620901901
24.6151230047399
24.6265995597726
24.6380826005799
24.6495619919098
24.6610316743572
24.6724916975567
24.6839458584418
24.6953984516194
24.7068527414119
24.718310633451
24.7297727191719
24.7412384773749
24.7527069038256
24.764177688022
24.7756515595269
24.7871281072037
24.7986044029442
24.8100767269524
24.821542342218
24.8330001622278
24.8444506264796
24.8558952090434
24.8673361181469
24.8787760907152
24.8902169860292
24.9016575258294
24.9130945849773
24.9245269691689
24.9359566166389
24.947387283934
24.9588226852129
24.9702649441887
24.9817134253694
24.9931641526847
25.0046106784118
25.0160469377153
25.0274701094488
25.0388811610636
25.0502844665225
25.0616867764976
25.0730947198519
25.0845122430938
25.0959395310323
25.1073730764372
25.1188064605853
25.1302321439643
25.1416442522613
25.1530410606496
25.1644244701616
25.1757976236025
25.1871633957365
25.198524060781
25.209881415931
25.2212368445109
25.2325910909442
25.2439436732298
25.2552921232024
25.2666317668002
25.2779567949126
25.2892619800326
25.3005440854823
25.3118027733494
25.3230401804458
25.3342596213377
25.345464313901
25.3566563936018
25.3678364166571
25.3790036879222
25.3901572579618
25.4012961435318
25.4124182243647
25.4235207672796
25.4346025202215
25.4456643539758
25.4567084419045
25.4677372409608
25.4787527935611
25.4897562882056
25.500747786184
25.5117262381265
25.5226900130624
25.5336376596713
25.5445678482444
25.5554792120679
25.5663718929506
25.5772484451908
25.5881128992937
25.5989692345204
25.6098198925362
25.6206651168546
25.6315036778569
25.6423338997704
25.6531542013846
25.6639634111549
25.6747609038453
25.6855465160442
25.6963203641936
25.7070826748903
25.7178336753945
25.7285735407127
25.7393023720083
25.7500201840328
25.7607268878001
25.7714222613064
25.7821059134311
25.7927772802945
25.8034357464614
25.8140809644721
25.8247131857008
25.8353330831966
25.8459410376647
25.8565367765138
25.867119592524
25.8776885691476
25.8882426160826
25.8987804296597
25.9093004762657
25.9198010652993
25.9302805831339
25.9407379152907
25.9511729118289
25.9615864946568
25.9719800776887
25.9823547830478
25.9927113017322
26.0030502336873
26.0133723283777
26.0236785300294
26.0339699314005
26.0442476749925
26.054512787438
26.0647659260295
26.0750070436905
26.0852350681746
26.0954478566348
26.1056427725784
26.1158177635993
26.1259718776029
26.1361048635505
26.1462170718695
26.1563094878349
26.1663833713589
26.1764399002832
26.1864800283166
26.1965044535608
26.2065135825852
26.2165074766365
26.2264858718506
26.236448367508
26.2463947167206
26.2563250191179
26.2662396930649
26.2761392990676
26.286024383101
26.2958954332572
26.3057529147144
26.3155973070187
26.3254291078287
26.3352488091279
26.3450568658821
26.3548536731277
26.3646395573367
26.3744147800305
26.3841795491379
26.3939340358741
26.4036783983913
26.4134128154898
26.4231375320558
26.4328529126659
26.4425594904217
26.4522579870554
26.4619492757003
26.4716342752277
26.4813138096855
26.4909885018272
26.5006587462902
26.5103247467081
26.5199865711017
26.5296441941317
26.5392975180782
26.5489463769761
26.5585905327473
26.5682296748075
26.5778634377187
26.5874914537501
26.5971134567981
26.6067294503972
26.6163399354111
26.6259461254144
26.6355499199532
26.6451533260545
26.6547575767923
26.6643629354468
26.6739692783514
26.6835766186396
26.6931852727937
26.7027958100664
26.7124089287239
26.7220253366057
26.731645669052
26.7412704568677
26.7509001492287
26.760535182612
26.7701760569784
26.7798233539447
26.7894776558912
26.7991394111199
26.8088088491143
26.8184859946547
26.8281707329375
26.8378628617851
26.8475621165756
26.8572681848278
26.8669807255564
26.8766994118221
26.8864240351814
26.8961546907279
26.9058918985945
26.915636333205
26.9253882766387
26.9351475849276
26.9449141431675
26.9546881380936
26.9644700386943
26.9742604818776
26.9840601805243
26.9938698748026
27.0036903119003
27.0135222368411
27.0233663839112
27.0332234637238
27.0430941444424
27.0529790277854
27.0628786219304
27.0727933152879
27.0827233561129
27.0926688433702
27.1026297322654
27.1126058544988
27.1225969499672
27.1326027034355
27.142622777676
27.1526568351969
27.1627045458897
27.17276558413
27.182839621816
27.1929263225628
27.203025339087
27.213136312804
27.2232588721058
27.2333926243407
27.2435371363082
27.2536919010184
27.26385629682
27.2740295593985
27.2842107992991
27.2943990878817
27.3045935924846
27.314793701972
27.3249990981668
27.3352097704412
27.3454259845922
27.3556482205792
27.3658771000521
27.3761133131242
27.3863575271911
27.3966102423706
27.4068715904106
27.4171411889995
27.4274182027356
27.4377015523773
27.4479901576544
27.4582832200414
27.4685803910546
27.4788817434809
27.4891876300254
27.4994985322304
27.5098149671216
27.5201374573533
27.5304665369104
27.540802765881
27.5511467410914
27.5614990993226
27.5718605139414
27.5822316863386
27.5926133328546
27.6030061673847
27.6134108795576
27.6238281086651
27.6342584144424
27.6447022472917
27.6551599217671
27.6656315983232
27.6761172774721
27.6866168082301
27.6971299087121
27.7076561924326
27.7181951908636
27.728746362664
27.7393090837752
27.7498826201912
27.7604660953369
27.7710584725368
27.7816585776075
27.792265182992
27.8028771496033
27.8134935701249
27.8241138365937
27.8347376126131
27.8453647571848
27.8559952530528
27.8666291619183
27.8772666052845
27.8879077619873
27.8985528703416
27.9092022209477
27.9198561394513
27.9305149745636
27.9411790794737
27.9518487466177
27.9625240986884
27.9732050005208
27.983891043587
27.9945816258023
28.0052761856339
28.0159745029159
28.0266768214321
28.0373837570779
28.0480961414218
28.0588149071904
28.0695410323612
28.0802755206696
28.0910193947388
28.1017736869606
28.1125394208033
28.1233175796985
28.1341090636073
28.1449146367179
28.155734874348
28.166570122549
28.1774204863607
28.1882858592053
28.1991659931828
28.2100605909558
28.2209693840939
28.2318921622132
28.2428287396428
28.2537788827783
28.2647422455856
28.2757183492199
28.2867066051823
28.2977063544279
28.3087168951501
28.3197374891312
28.3307673540049
28.3418056571444
28.3528515247771
28.3639040699064
28.3749624314756
28.3860258116974
28.3970935015088
28.4081648923102
28.4192394791815
28.4303168633539
28.441396759073
28.4524790040993
28.4635635663017
28.4746505345896
28.4857400847965
28.4968324214074
28.5079277097588
28.5190260223886
28.5301273236321
28.5412315091889
28.5523384999624
28.5634483540029
28.5745613163454
28.585677735279
28.5967979014527
28.6079219922934
28.6190501810439
28.6301827633599
28.6413201908186
28.6524630325063
28.6636119201997
28.6747675073193
28.6859304469612
28.6971013816032
28.7082809330905
28.7194696845721
28.730668155738
28.7418767848732
28.7530959371221
28.7643259493056
28.7755671985687
28.786820162053
28.7980854412612
28.8093637513988
28.8206558936747
28.8319627270994
28.8432851468979
28.8546240695279
28.8659804214904
28.8773551291373
28.8887491076563
28.9001632485015
28.911598405135
28.9230553775733
28.934534896281
28.9460376061565
28.957564051168
28.9691146606036
28.9806897376972
28.9922894519524
29.0039138361722
29.015562788916
29.0272360822705
29.0389333739415
29.0506542223002
29.0623981035697
29.074164431968
29.0859525853703
29.0977619395903
29.1095919114028
29.1214420019525
29.1333118245157
29.1452011046708
29.1571096573985
29.1690373583919
29.1809841257235
29.1929499187949
29.2049347531153
29.2169387252998
29.2289620412211
29.2410050406514
29.2530682136322
29.2651522070425
29.2772578219627
29.2893860010841
29.3015377986523
29.3137143149131
29.325916571089
29.3381453145509
29.3504007845345
29.3626825181698
29.374989291208
29.3873192378124
29.3996701032759
29.4120395232495
29.4244252398957
29.436825234219
29.4492378136744
29.4616617066714
29.4740961795678
29.486541135662
29.4989971272911
29.5114652439195
29.5239469068357
29.5364436400745
29.5489568677726
29.5614877471317
29.574037032734
29.5866049937357
29.5991914442641
29.611795951395
29.6244182164989
29.6370585143909
29.6497180181869
29.662398895036
29.6751041828284
29.6878375550264
29.7006030943343
29.7134051400324
29.7262482054101
29.7391369188898
29.7520759230682
29.7650696605649
29.7781220050487
29.7912357995288
29.8044125289324
29.8176524132677
29.8309549577133
29.8443196113868
29.8577461281208
29.8712345065552
29.8847846345993
29.8983958271927
29.9120664288349
29.9257936250522
29.9395735628577
29.9534017912309
29.9672739027332
29.9811861528216
29.995135847708
30.0091214314963
30.0231423519675
30.0371988292237
30.0512915971348
30.0654216067788
30.0795896298139
30.0937957149686
30.1080385808124
30.1223152537956
30.1366213313287
30.1509518720588
30.1653023771993
30.1796693184677
30.1940501667639
30.2084431859504
30.2228471823025
30.2372612800199
30.2516847623023
30.2661169948668
30.280557413162
30.2950055367093
30.3094609790616
30.323923437598
30.3383926629045
30.3528684192791
30.3673504538328
30.3818384933091
30.3963322826267
30.4108316641008
30.4253366701779
30.4398475768091
30.4543648619221
30.4688890490003
30.4834204744392
30.4979590623441
30.5125041964158
30.5270547415807
30.5416092030855
30.55616594358
30.5707233478391
30.5852798498011
30.5998338059146
30.6143832793899
30.6289258546684
30.6434585929917
30.6579781652387
30.6724811132251
30.6869641530806
30.7014244404646
30.715859729838
30.730268382213
30.7446492329235
30.7590014043293
30.7733241688597
30.7876168990539
30.8018790380907
30.8161099847757
30.8303088574402
30.8444742350203
30.8586040634529
30.8726958653006
30.8867471959279
30.900756095364
30.9147212886741
30.9286421001491
30.9425182436796
30.9563496649588
30.9701364986219
30.9838790950082
30.997578022071
31.0112339581391
31.0248474554243
31.0384186597081
31.0519471631165
31.0654321369926
31.0788726922749
31.0922682193719
31.1056185042744
31.1189236301925
31.1321837958504
31.1453991440032
31.1585696069387
31.1716947331648
31.1847734849924
31.1978040745156
31.2107839815678
31.2237102676685
31.2365801017772
31.2493912029787
31.2621419586427
31.2748312507629
31.2874581948856
31.300021959502
31.3125217189498
31.3249566911511
31.3373261377728
31.3496291741863
31.3618642877419
31.3740286272057
31.3861173757425
31.3981237020787
31.4100396359173
31.4218576237784
31.4335719249819
31.4451791157384
31.4566777201448
31.4680675148325
31.4793489728674
31.4905229922178
31.5015908468282
31.5125542450561
31.5234154015367
31.5341770673986
31.544842497908
31.5554153615903
31.5658996098672
31.5762993329597
31.5866186277731
31.59686149866
31.607031803183
31.6171332425955
31.6271693829228
31.6371436819288
31.6470594973993
31.656920064532
31.6667284483805
31.6764874894149
31.6861997607123
31.6958675460002
31.7054928370209
31.7150773419944
31.7246224957557
31.7341294651497
31.7435991475477
31.7530321640818
31.762428850621
31.7717892485912
31.7811130962785
31.7903998222668
31.799648548516
31.8088581196456
31.8180271818549
31.8271543310646
31.8362383276507
31.845278336212
31.8542741154464
31.8632260888316
31.8721352790358
31.8810031490003
31.8898314162666
31.8986218910132
31.907376358915
31.9160965086496
31.9247838949555
31.933439926892
31.9420658720827
31.9506628685834
31.9592319365897
31.9677739833166
31.9762897971687
31.9847800314048
31.993245181567
32.0016855632188
32.0101012962261
32.0184922992498
32.0268582946915
32.035198821294
32.0435132501335
32.0518007997131
32.0600605470774
32.068291433379
32.0764922637988
32.0846617027328
32.092798265946
32.100900311887
32.1089660347619
32.116993462196
32.1249804605031
32.1329247505244
32.1408239368338
32.1486755526908
32.156477122428
32.1642262419075
32.1719206759291
32.1795584692464
32.1871380647506
32.1946584191957
32.2021191039781
32.209520377453
32.2168632168952
32.2241493027713
32.2313809553771
32.2385610312231
32.2456927927936
32.252779767808
32.2598256132159
32.2668339953852
32.2738084932487
32.2807525264844
32.2876693074492
32.2945618134541
32.3014327752156
32.3082846772353
32.3151197663866
32.3219400657339
32.3287473912549
32.3355433698075
32.342329457234
32.3491069558561
32.3558770309123
32.3626407257296
32.3693989755207
32.3761526198308
32.3829024136588
32.389649037378
32.3963931055429
32.4031351746994
32.4098757503101
32.4166152929072
32.423354223569
32.4300929288297
32.4368317651121
32.4435710627882
32.4503111299663
32.4570522561418
32.4637947158406
32.4705387724351
32.4772846823158
32.4840326994922
32.490783080397
32.4975360879728
32.504291993314
32.5110510731395
32.5178136035236
32.5245798536246
32.5313500838314
32.5381245492146
32.5449035056549
32.5516872159248
32.558475954741
32.5652700129847
32.5720697015129
32.5788753548778
32.5856873351383
32.5925060359049
32.5993318867403
32.6061653580593
32.6130069666621
32.6198572821016
32.62671693405
32.6335866209143
32.6404671199604
32.647359299262
32.6542641318649
32.6611827126282
32.6681162783045
32.6750662315873
32.6820341699957
32.6890219207124
32.6960315827876
32.7030655784883
32.7101267160626
32.7172182667906
32.7243440598842
32.7315085997039
32.7387172106476
32.7459762158326
32.753293156021
32.7606770540769
32.7681387260176
32.775691128868
32.7833497126401
32.791132700008
32.7990611438203
32.807158511383
32.8154494569861
32.8239574905657
32.8327016186459
32.8416927652801
32.8509314228351
32.8604077271325
32.8701038858534
32.8799977001538
32.8900657843699
32.9002857646577
32.9106374266859
32.921103105689
32.9316676411575
32.9423181314074
32.9530436288082
32.9638348473158
32.9746839120467
32.985584157767
32.9965299727253
33.0075166793296
33.0185404343958
33.0295981179794
33.0406871818463
33.0518054690225
33.0629510567549
33.0741221629522
33.0853171259104
33.0965344566436
33.1077729387655
33.1190317032688
33.1303101909168
33.1416079808573
33.1529245639741
33.1642591870123
33.1756108659303
33.1869785863973
33.1983616180971
33.2097597497655
33.221173259237
33.2326027046685
33.2440487521515
33.2555121165225
33.2669935672888
33.2784939471836
33.2900141865019
33.3015553145492
33.3131184716071
33.3247049228435
33.3363160742162
33.3479534900958
33.3596189128338
33.3713142852916
33.3830417769677
33.394803811509
33.4066030883681
33.4184425896441
33.4303255675572
33.4422555143988
33.4542361170011
33.4662711932056
33.4783646091821
33.4905201924394
33.5027416720956
33.5150326648175
33.5273966744671
33.5398370297222
33.5523567099843
33.5649580976245
33.5776427413054
33.5904111832217
33.6032628607272
33.6161960777345
33.629208035212
33.6422949078841
33.6554519823135
33.6686739465994
33.6819554548464
33.6952918839959
33.7086798478301
33.7221171657726
33.7356024849335
33.7491348277396
33.7627132543362
33.7763367297055
33.7900041397354
33.8037143666906
33.8174663823256
33.8312593501902
33.845092719105
33.8589662740968
33.872880130818
33.8868346894018
33.9008305661586
33.9148685176196
33.9289493719526
33.9430739730534
33.9572431247076
33.9714574985772
33.9857174310327
34.0000225551028
34.0143715851659
34.0287630876669
34.0431966561856
34.0576726979215
34.0721926088978
34.0867586389232
34.1013732649265
34.1160390556095
34.1307588545348
34.1455359925042
34.1603744622962
34.1752790727829
34.1902556027364
34.2053109644995
34.2204533800451
34.2356925664122
34.2510399216556
34.2665086942944
34.2821141039552
34.2978733500825
34.3138053842145
34.3299302167698
34.3462674102859
34.3628334367057
34.3796380765189
34.3966811288166
34.4139514556427
34.4314293231626
34.4490907211929
34.4669113990928
34.4848693631948
34.502945870433
34.5211254622906
34.5393954893981
34.5577452964913
34.5761650256388
34.5946442779079
34.6131725847459
34.6317445832768
34.6503615186687
34.6690233889428
34.6877291602162
34.7064786677378
34.7252719401588
34.7441089400781
34.7629897282915
34.7819145863114
34.8008840820541
34.8198991299098
34.8389610410109
34.8580714984198
34.8772324124781
34.8964456901072
34.9157129750219
34.9350354332724
34.9544136291921
34.9738472613802
34.993334638027
35.0128725673103
35.0324566969259
35.0520813198618
35.0717389039566
35.0914208331126
35.1111196613905
35.1308306702965
35.1505506457723
35.1702754009748
35.1899989922115
35.2097158628795
35.2294237597235
35.2491230508134
35.2688144900716
35.2884980855646
35.3081730986744
35.3278384911959
35.3474931945645
35.3671361299951
35.3867660852121
35.4063815267208
35.4259803617192
35.4455595759864
35.4651147641415
35.4846403103393
35.5041320777574
35.5235906165038
35.5430155433525
35.5624003959511
35.5817354772816
35.6010095668644
35.6202099568345
35.6393218891998
35.6583279003129
35.6772074101522
35.6959368655575
35.7144905947425
35.7328422405945
35.7509667943605
35.7688440007354
35.786463623137
35.8038302715348
35.820963219554
35.8378903774906
35.8546411313527
35.8712419624577
35.8877149988445
35.9040781390314
35.9203457079022
35.9365291722283
35.9526377676646
35.9686790149245
35.9846591350552
36.000583361571
36.0164560950253
36.0322807456308
36.0480590482724
36.0637899504543
36.0794691679919
36.0950911299832
36.1106526044111
36.126154004018
36.1415974173782
36.1569841707296
36.1723139743699
36.1875853085008
36.202795999976
36.2179435615444
36.2330253213499
36.2480384539443
36.2629799724289
36.2778466813679
36.2926350608975
36.3073410724949
36.3219599248709
36.3364858574663
36.3509119763555
36.3652301564977
36.3794310403332
36.3935042206826
36.4074387735265
36.4212243272103
36.434852681222
36.4483195676
36.4616257706402
36.4747769915756
36.4877825672281
36.5006537399069
36.5134021580413
36.5260389053726
36.5385740305125
36.5510164204211
36.5633738642209
36.5756531999288
36.5878604799122
36.6000011188592
36.6120800038797
36.6241015549336
36.6360697240455
36.6479878957344
36.6598585979372
36.6716830052864
36.6834606025088
36.6951895427939
36.7068676053057
36.7184931517244
36.7300656664478
36.741585803474
36.7530550836646
36.7644754842795
36.7758491192467
36.7871780760562
36.7984643688334
36.8097099351287
36.8209166198723
36.8320861194418
36.8432198922422
36.8543190806415
36.865384513764
36.8764168297017
36.8874166699623
36.8983848407937
36.909322364673
36.9202304181152
36.9311102013821
36.9419627946581
36.9527890415358
36.9635894809239
36.9743643298078
36.9851135068607
36.9958366873797
37.0065333897877
37.0172030903968
37.0278453192917
37.0384596379586
37.0490454635583
37.0596018808801
37.0701275847038
37.0806209158846
37.0910799050481
37.1015023034569
37.1118856118605
37.1222271122135
37.1325239010406
37.1427729258032
37.1529710307986
37.1631150223811
37.1732017634595
37.1832283046708
37.1931920537323
37.2030909745262
37.2129237949687
37.2226901901456
37.23239090122
37.2420277570316
37.2516035851938
37.2611220265356
37.2705872895614
37.28000389018
37.2893764160649
37.2987093395841
37.3080068872764
37.3172729617342
37.3265111055665
37.3357244955587
37.3449159562536
37.3540879846114
37.3632427798908
37.372382275013
37.3815081672214
37.3906219468744
37.3997249237665
37.4088182507535
37.4179029446752
37.4269799046737
37.4360499281044
37.4451137242702
37.4541719262476
37.4632251010569
37.4722737584318
37.4813183584097
37.4903593179464
37.4993970167168
37.5084318022398
37.517463994443
37.5264938897532
37.5355217648047
37.5445478798292
37.5535724817997
37.56259580738
37.5716180857477
37.5806395413238
37.5896603964492
37.5986808740139
37.607701200054
37.6167216064016
37.6257423336037
37.6347636343337
37.6437857773086
37.6528090516808
37.6618337719519
37.6708602835857
37.6798889695313
37.6889202579458
37.6979546314473
37.7069926383034
37.71603490607
37.7250821582621
37.734135234778
37.7431951169332
37.7522629582013
37.7613401220121
37.7704282284556
37.7795292122814
37.7886453953785
37.7977795777382
37.806935151602
37.8161162433677
37.8253278860089
37.8345762188427
37.8438686978253
37.8532142715738
37.8626234299621
37.8721079630909
37.8816802129948
37.8913516582393
37.9011309748139
37.9110222212593
37.9210240480914
37.9311303582197
37.9413319747028
37.9516184567626
37.9619794666409
37.9724055468556
37.9828884355066
37.9934211031881
38.0039976536668
38.0146131741548
38.0252635789662
38.0359454649821
38.0466559837283
38.0573927279745
38.0681536285466
38.0789368592564
38.0897407564157
38.1005637732832
38.1114044938527
38.1222616982101
38.1331344207101
38.1440219689125
38.1549239417693
38.1658402378094
38.1767709794041
38.1877163320023
38.198676350432
38.2096509939855
38.220640221758
38.2316440502262
38.2426625775032
38.2536960021246
38.264744640624
38.2758089377223
38.2868894690215
38.2979869449137
38.3091022204602
38.3202363071226
38.3313903834767
38.3425658081444
38.3537641400687
38.3649871690986
38.3762369572054
38.3875158886927
38.3988267270233
38.4101726771527
38.4215574558495
38.4329853782508
38.4444614753517
38.4559916628989
38.4675829839147
38.4792439402293
38.4909849038356
38.5028185431553
38.5147601018507
38.5268272407719
38.5390390555384
38.551413954089
38.5639665376943
38.5767044716513
38.589626862199
38.6027249617235
38.615984512368
38.6293882913488
38.6429180125429
38.6565557208431
38.6702851000544
38.684092562246
38.6979676668758
38.7119028053559
38.725892410848
38.7399321342162
38.7540183104985
38.7681477182448
38.7823175099376
38.7965252403073
38.8107689727958
38.8250474411468
38.8393601862214
38.8537075397191
38.868090399563
38.8825099161972
38.8969672671819
38.9114635771384
38.9259999280761
38.9405773957599
38.9551970826777
38.9698601439004
38.9845678111226
38.9993214197673
39.0141224398429
39.0289725073987
39.04387345339
39.0588273299566
39.0738364369792
39.0889033507264
39.1040309536437
39.1192224620356
39.1344814479088
39.1498118510407
39.165217976903
39.1807044744283
39.196276285896
39.2119385593754
39.2276965151777
39.2435552631151
39.2595195815391
39.2755936921608
39.291781089516
39.3080844810636
39.3245058270558
39.3410463775575
39.3577066504153
39.3744864688226
39.3913851388514
39.4084016490716
39.4255347935355
39.4427832348795
39.4601455377604
39.4776201714961
39.4952054590614
39.5128994441768
39.530699680626
39.5486030162935
39.5666054832304
39.5847023434746
39.6028882281798
39.6211572797501
39.6395032793822
39.6579197931552
39.6764003503219
39.6949386315838
39.7135286357325
39.7321648050888
39.750842105046
39.7695560622893
39.7883027697389
39.8070788652504
39.8258814881848
39.8447082121471
39.8635569427391
39.8824257557235
39.9013126543766
39.9202153796578
39.9391321630005
39.9580649454305
39.977018515229
39.9959873536977
40.0149599878545
40.033930221168
40.0528947798118
40.0718503920145
40.0907934048255
40.1097198640382
40.1286253621715
40.1475044299324
40.166349548048
40.1851505534084
40.2038961154159
40.2225776948441
40.2411921669683
40.259740788008
40.2782269456431
40.2966547777104
40.3150285757432
40.3333524355028
40.3516299622719
40.3698639998826
40.3880563160394
40.4062071288738
40.4243144696653
40.442373923441
40.4603801229582
40.4783290485254
40.4962162950039
40.5140374395978
40.5317882974239
40.5494637312793
40.5670572633692
40.584560730729
40.6019636421155
40.6192524452523
40.6364098813049
40.6534145580389
40.6702410616242
40.6868614376968
40.7032496728326
40.7193902595732
40.7352863101657
40.7509568577313
40.7664228494195
40.7816969970312
40.7967860974065
40.8116977975859
40.8264438293544
40.8410392432341
40.8555001177776
40.8698416006927
40.8840768420717
40.8982166402657
40.9122694582554
40.9262415658558
40.9401372082827
40.9539588153438
40.9677072989497
40.9813824132469
40.9949830597484
41.0085074339962
41.0219529998419
41.0353163383201
41.0485929350077
41.0617769627306
41.0748610794234
41.0878362497843
41.1006916267006
41.1134145456389
41.1259906668638
41.1384042251978
41.1506382116884
41.1626741786627
41.1744913512602
41.1860649313667
41.1973638543137
41.208348768711
41.2189718568506
41.2291814443843
41.2389346321495
41.2482157232926
41.2570472536981
41.2654819606742
41.2735836289593
41.2814121814073
41.2890176236663
41.2964396030413
41.3037090545226
41.3108501598397
41.3178820194571
41.3248199328688
41.331676339118
41.3384614983925
41.3451839857245
41.3518510509939
41.3584688843545
41.365042814673
41.3715774603322
41.3780768458033
41.3845444933628
41.3909834964413
41.3973965792029
41.4037861456055
41.410154320353
41.4165029835816
41.4228338007126
41.4291482485742
41.4354476385547
41.4417331371398
41.4480057839717
41.4542665076929
41.4605161403635
41.4667554316907
41.4729850639403
41.479205667304
41.4854178346167
41.4916221341985
41.4978191201109
41.5040093396841
41.5101933386498
41.5163716644502
41.5225448683715
41.5287135070446
41.5348781436945
41.5410393493758
41.5471977043172
41.5533537994654
41.5595082383484
41.5656616394437
41.571814639319
41.5779678968645
41.5841220989187
41.5902779675014
41.5964362687527
41.6025978235207
41.6087635194974
41.6149343247518
41.6211113026178
41.6272956279778
41.6334886050854
41.6396916871759
41.6459064981799
41.6521348568778
41.6583788038328
41.6646406313789
41.6709229168379
41.6772285588971
41.6835608167846
41.6899233512965
41.6963202659435
41.7027561453713
41.7092360865798
41.7157657165083
41.7223511871771
41.7289991372443
41.7357166072281
41.7425108959337
41.7493893494024
41.7563590825827
41.7634266477945
41.7705976814811
41.7778765755498
41.785266225655
41.7927678997818
41.8003812479646
41.8081044445841
41.8159344295591
41.8238672021439
41.8318981219715
41.8400221829289
41.8482342398298
41.8565291809483
41.8649020484606
41.8733481141514
41.8818629196199
41.8904422905122
41.8990823336788
41.9077794255256
41.9165301993614
41.925331539368
41.9341805881804
41.9430747720736
41.9520118386053
41.9609898845391
41.9700073383245
41.9790628774245
41.9881553079145
41.9972834634598
42.0064461680282
42.0156422741391
42.0248707463818
42.0341307273255
42.0434215390168
42.0527426308216
42.0620935229805
42.0714737888811
42.0808830908265
42.0903212522971
42.0997883299791
42.1092846564999
42.1188108500793
42.1283678052581
42.1379566804751
42.1475788917877
42.1572361160621
42.1669303039477
42.1766637020829
42.1864388840742
42.1962587901557
42.2061267755877
42.2160466678479
42.2260228320977
42.2360602429749
42.2461645580101
42.2563421830323
42.2666003118869
42.2769469112326
42.2873906074717
42.2979404229633
42.3086053189162
42.3193935647059
42.3303121079734
42.3413663544415
42.3525608846447
42.3639013023873
42.3753967140274
42.3870619758776
42.3989188979898
42.4109954936
42.4233225344208
42.4359276993772
42.4488292556309
42.4620322783648
42.4755291838885
42.4893035264239
42.5033345504423
42.5176007565973
42.5320820900298
42.5467610915833
42.5616234623758
42.5766583091377
42.5918580630697
42.6072178659753
42.6227342908218
42.6384039044111
42.6542234264492
42.6701913793585
42.6863090739241
42.7025798612567
42.7190069595218
42.7355926896241
42.7523390350924
42.7692483946443
42.7863241622046
42.8035710445802
42.8209950401665
42.8386029634369
42.856401373215
42.8743948870467
42.8925842249436
42.9109651351387
42.9295305441288
42.9482752414104
42.9671991731292
42.9863085754091
43.0056105452392
43.0251082792727
43.0447999594212
43.064679423594
43.084737669248
43.1049645166068
43.1253499175728
43.1458844669944
43.1665580174506
43.1873574042533
43.2082707099644
43.2292954496118
43.2504313747494
43.2716730680415
43.2930183363669
43.3144667168935
43.3360185360732
43.3576755367565
43.3794417120345
43.4013226081267
43.4233245910032
43.4454543301008
43.4677155243425
43.4901050830769
43.5126126828454
43.5352237869358
43.5579233516426
43.580697197859
43.6035299178816
43.6264040334457
43.6492986607509
43.6721992488804
43.6951004972017
43.7179962864066
43.7408831895286
43.7637522301915
43.786589735204
43.8093847650492
43.832134088722
43.8548425077414
43.8774984823152
43.9000845465403
43.9225796914211
43.9449562442293
43.9671772260816
43.9891961874841
44.010963772113
44.0324444128016
44.053634320457
44.0745619713478
44.0952713877674
44.1158056675248
44.136197944206
44.1564681490213
44.1766253838561
44.1966737204688
44.2166171953318
44.2364618599933
44.2562147157794
44.2758816834543
44.2954666799766
44.3149717516249
44.3343974699584
44.3537428699516
44.3730047258501
44.3921763020592
44.4112464430284
44.4301998384082
44.4490177392552
44.4676785368626
44.4861581694756
44.5044299024264
44.5224629542847
44.5402213935901
44.5576679911324
44.5747766008313
44.5915448807833
44.6079930629761
44.6241522114684
44.6400548898579
44.6557315172808
44.6712095550265
44.6865133562828
44.7016641171291
44.7166799443105
44.731576053735
44.7463650330146
44.7610570805741
44.7756601822641
44.7901803573302
44.8046224326442
44.8189918466453
44.8332963233464
44.8475438259838
44.8617390049097
44.875883806442
44.8899789697601
44.9040245041932
44.9180198190794
44.931963787161
44.9458547464121
44.9596904199694
44.973467768332
44.9871828208035
45.0008305190231
45.0144045601831
45.0278972015228
45.041298987999
45.0545983711096
45.067781201363
45.0808301553865
45.0937244147904
45.1064404212824
45.1189549153331
45.1312504309816
45.1433202728577
45.1551685567512
45.1668053845076
45.1782419393656
45.1894887831242
45.2005567172657
45.2114580793668
45.2222071482227
45.2328195486895
45.2433111840901
45.2536972376306
45.2639915140388
45.2742061438858
45.2843515539808
45.2944365899648
45.3044687044275
45.3144541575418
45.3243982029042
45.334305247472
45.3441789840075
45.3540225000556
45.3638383709471
45.3736287449548
45.3833954256154
45.3931399505771
45.4028636618127
45.4125677620194
45.4222533561833
45.4319214827416
45.4415731436139
45.4512093459992
45.4608311702596
45.4704398713653
45.4800369939481
45.4896244187544
45.4992041689268
45.5087778556207
45.5183461329978
45.5279087482198
45.5374649612563
45.5470138742103
45.5565546538478
45.5660866756712
45.5756095555199
45.5851231026674
45.5946272569402
45.6041220419202
45.6136075390959
45.6230838786003
45.6325512419515
45.6420098740575
45.6514601034497
45.6609023709367
45.6703372677321
45.6797655846828
45.6891883742399
45.6986070261655
45.708023355763
45.7174396988186
45.7268589990888
45.7362848620235
45.7457215353357
45.7551737715551
45.7646465447782
45.774144642835
45.7836722217195
45.7932324479515
45.802827326444
45.8124577320757
45.8221235889025
45.8318241128819
45.84155805024
45.8513238754081
45.861119938921
45.8709445703613
45.8807961463922
45.8906731334126
45.9005741120991
45.9104977886652
45.9204429961056
45.9304086878932
45.9403939266169
45.9503978703127
45.960419759694
45.9704589101148
45.9805147124903
45.9905866481864
46.0006743246449
46.0107775390807
46.0208963529647
46.0310310643334
46.0411819369805
46.0513489563812
46.0615320214694
46.0717312418718
46.0819470072284
46.0921799454002
46.1024308917626
46.1127008880796
46.1229912014372
46.1333033567283
46.1436391810964
46.1540008616253
46.1643910193477
46.1748128042362
46.1852700180041
46.1957672744467
46.2063102111089
46.2169057717555
46.2275625868071
46.2382914892955
46.2491062163316
46.2600243578413
46.271068612984
46.2822683659878
46.29366140542
46.3052950919577
46.3172251703023
46.3295089754497
46.3421904977883
46.3552821882912
46.3687579223196
46.3825646726018
46.3966417395992
46.4109340539386
46.4253969942574
46.4399962173207
46.4547057409051
46.4695058726117
46.4843815218693
46.499320979957
46.5143151011553
46.5293567725346
46.5444405405328
46.5595622701363
46.5747187671667
46.5899073668456
46.605125552353
46.6203709423954
46.6356426786518
46.6509421466017
46.6662685851578
46.6816208650866
46.6969995366611
46.7124061666694
46.7278430128063
46.7433130988614
46.7588204090502
46.7743700957688
46.7899687063899
46.8056244840626
46.8213477744219
46.8371514885767
46.8530514365335
46.8690661087073
46.8852151471186
46.9015156478062
46.9179765298654
46.9345938917328
46.951351417556
46.9682259071438
46.9851935740676
47.0022337572096
47.0193299258081
47.0364692144253
47.0536414791076
47.0708383300969
47.0880522778383
47.1052761331207
47.1225033502825
47.1397310615354
47.1569649658763
47.1742157612174
47.1914891689457
47.2087856201967
47.226104337647
47.2434451270015
47.2608082772969
47.278194276829
47.2956037762516
47.3130377341395
47.3304976284415
47.3479855745424
47.3655042568968
47.383056734057
47.4006461981268
47.4182758300733
47.4359490737695
47.4536704299434
47.4714461586555
47.4892841284205
47.5071924668483
47.5251771224767
47.5432393465955
47.5613748148578
47.5795751345014
47.5978304162824
47.6161311318025
47.6344686618997
47.6528349075783
47.671221850148
47.6896224430354
47.7080329001539
47.7264525523159
47.7448812761982
47.763318879793
47.781765486313
47.8002221745709
47.8186922080081
47.8371818224044
47.8556961822343
47.8742356262491
47.8927988219742
47.9113849603539
47.929993750059
47.9486251516868
47.9672792555195
47.9859562373573
48.0046563079928
48.0233795907598
48.0421259014588
48.0608944639822
48.0796836543794
48.0984909061359
48.1173128826512
48.1361458965684
48.1549864028331
48.1738313637421
48.1926783935673
48.2115257162986
48.2303720254211
48.2492163350607
48.2680578924834
48.286896187103
48.305731036144
48.3245626706915
48.3433915065711
48.3622168524974
48.3810365483938
48.3998479980339
48.4186487875003
48.4374367844395
48.456209641379
48.4749641852041
48.4936960472615
48.51239941799
48.5310667793793
48.5496885821235
48.5682529320925
48.5867455424751
48.6051505186808
48.6234526952261
48.6416415020152
48.6597144411595
48.6776774560289
48.6955419982062
48.7133212822133
48.7310277307909
48.7486718771127
48.7662621982611
48.7838053811393
48.8013067264626
48.8187705291594
48.8362003367626
48.8535990288998
48.8709687139056
48.8883105223614
48.905624467097
48.9229095245673
48.9401640625121
48.9573864531672
48.9745744600448
48.991725327539
49.0088358558274
49.0259021291246
49.0429185794899
49.0598770060254
49.0767670440379
49.0935763052948
49.110289775343
49.126889291049
49.1433535438009
49.159658930182
49.1757815072415
49.1916999037381
49.2073984296925
49.2228694785093
49.2381148182374
49.2531456177513
49.2679808306442
49.2826440282349
49.2971598024377
49.3115509916897
49.3258371943958
49.3400343583164
49.3541550350067
49.3682089381171
49.3822035527685
49.3961446553865
49.4100366958773
49.4238830542927
49.437686222647
49.4514479963508
49.4651697043029
49.4788522327652
49.4924958621709
49.5061002986306
49.5196647714778
49.5331881662273
49.5466691282703
49.5601060712781
49.5734971049562
49.5868399085531
49.6001315824531
49.6133685472555
49.6265465595499
49.6396608308618
49.6527062049848
49.665677405266
49.6785692791206
49.691376914123
49.7040956634888
49.7167212174865
49.7292497973062
49.7416784568361
49.7540054216191
49.7662303744303
49.7783546062938
49.7903809854153
49.8023137430556
49.8141581164764
49.8259199087181
49.8376050192304
49.8492189790772
49.8607665109979
49.8722511585033
49.8836751120853
49.895039453145
49.9063449238202
49.9175928646358
49.9287856707452
49.9399265361252
49.9510187988687
49.9620653685744
49.9730685000781
49.9840298558147
49.9949506822948
50.0058319810273
50.0166746356131
50.0274794996106
50.0382474556046
50.0489794416326
50.059676421025
50.0703392716952
50.0809686240559
50.0915647423465
50.1021275152326
50.1126565262497
50.1231511382973
50.1336105568533
50.1440338706377
50.1544200840338
50.1647681595762
50.17507708796
50.1853459973084
50.1955743004101
50.2057618599933
50.2159091345882
50.2260172610261
50.2360880410618
50.2461238245689
50.256127310073
50.2661013068747
50.2760485182855
50.2859714036404
50.2958721466768
50.3057527099502
50.3156149231507
50.3254605570163
50.335291359837
50.3451090568165
50.3549153245115
50.3647117549226
50.374499821208
50.3842808535797
50.3940560313469
50.4038263955452
50.4135928843277
50.4233563858521
50.433117787122
50.4428779788806
50.4526377889006
50.4623978902089
50.4721587988802
50.4819210082727
50.4916851672435
50.50145217456
50.5112231281023
50.5209991670425
50.5307813253021
50.5405704896506
50.550367448946
50.560172964733
50.5699878195424
50.5798128391099
50.5896489000486
50.5994969333704
50.6093579301055
50.6192329526884
50.6291231542818
50.6390298069081
50.6489543380579
50.6588983744241
50.6688637900939
50.6788527551314
50.6888677813061
50.6989117660101
50.7089880401308
50.7191004273562
50.7292533211169
50.7394517832347
50.7497016674556
50.7600097715229
50.7703840228282
50.7808337052223
50.7913697400763
50.802005044476
50.8127549897063
50.8236379223136
50.8346755040126
50.8458922761789
50.8573136805906
50.8689623778945
50.8808540174036
50.892994264168
50.9053781507178
50.9179916548994
50.9308146791946
50.9438243635949
50.9569978389791
50.9703140010398
50.9837543502867
50.9973031753454
51.0109473703005
51.024676092411
51.0384803765053
51.0523527611076
51.0662869550255
51.0802775762325
51.094320008944
51.1084104011923
51.1225457287722
51.1367237918106
51.1509431217457
51.1652028686242
51.1795027173987
51.1938428997742
51.2082243840305
51.2226492835808
51.2371213523075
51.2516461107374
51.2662302452698
51.2808809106794
51.2956053425785
51.3104101963235
51.3253007249132
51.3402806172657
51.3553527050327
51.3705197722875
51.385784937689
51.4011518149055
51.4166248941239
51.4322104864966
51.447917817357
51.4637604677695
51.4797582960215
51.4959363838824
51.5123217483311
51.5289404165748
51.5458149633261
51.5629619381565
51.5803895233483
51.5980963256058
51.6160716946219
51.6342970831433
51.6527478979724
51.671396010504
51.6902128837744
51.7091717662196
51.7282478351187
51.7474181800569
51.7666639410241
51.7859727043163
51.8053373268605
51.8247523843676
51.8442120755004
51.8637105040007
51.8832430095948
51.902807142726
51.9224028131355
51.9420319542308
51.9616979703138
51.9814045435921
52.0011537922621
52.0209455544654
52.0407784532203
52.0606536674992
52.080575760215
52.1005498732208
52.1205801066649
52.1406690176252
52.1608171066894
52.1810223819587
52.2012811583909
52.2215902652366
52.2419475550382
52.2623509295572
52.2827987161595
52.3032894921852
52.3238214651033
52.3443922043554
52.3649983684704
52.3856348752567
52.4062940958047
52.4269682406307
52.4476548526742
52.4683551842013
52.4890701724185
52.5098015037452
52.5305504812335
52.5513178752284
52.5721040541501
52.5929087752853
52.6137309557744
52.6345685687088
52.6554187440751
52.6762781016854
52.6971431644167
52.7180105461905
52.738876713908
52.7597374070209
52.7805869258486
52.8014174801278
52.8222192168532
52.8429818756578
52.863697040416
52.8843585988561
52.9049617858366
52.9255027830629
52.9459792877692
52.9663911891398
52.9867406978647
53.0070318736726
53.0272697155982
53.0474589162119
53.0676023779662
53.0877000034247
53.1077495092284
53.127751981272
53.1477174275437
53.1676502195864
53.1875386432878
53.2073695824182
53.2271391668412
53.2468537807275
53.2665255216755
53.2861666441313
53.3057864871767
53.3253910984465
53.3449832827974
53.3645630674281
53.3841287899437
53.4036778531224
53.4232068143381
53.4427113960226
53.4621868233208
53.4816285888126
53.5010322752102
53.5203924877935
53.5397018739445
53.5589503132776
53.5781241261347
53.5972054191133
53.6161720529996
53.6349982766166
53.6536520621889
53.6720853061564
53.6902361090804
53.708064211176
53.7255858482207
53.7428569495842
53.7599366734956
53.7768716323961
53.7936952649722
53.8104309355152
53.8270946972605
53.8436973033537
53.8602460114377
53.8767462928923
53.8932029349241
53.9096204695449
53.9260029494698
53.9423534803505
53.9586741632233
53.9749663554317
53.9912310662629
54.0074696180643
54.0236842491769
54.039877285539
54.0560495773076
54.0722007009727
54.0883297382451
54.1044355286924
54.1205167149884
54.1365717640581
54.1525989254755
54.1685960266524
54.1845601443732
54.2004873959947
54.2163729136803
54.2322108092196
54.2479940183985
54.2637140635762
54.2793608292064
54.2949224864719
54.3103857823666
54.3257369773401
54.3409636077684
54.3560567550091
54.3710128141733
54.3858338131984
54.4005265711694
54.4151017611465
54.4295727465977
54.4439532048808
54.458254844339
54.4724872213123
54.4866584775765
54.5007757309724
54.5148452506675
54.5288725634126
54.5428625052328
54.5568192589521
54.5707464083094
54.584647005628
54.598523635934
54.612378468282
54.6262133013695
54.6400296156646
54.6538286329718
54.6676113727973
54.6813786959578
54.6951313333507
54.7088699025846
54.7225949161657
54.7363067850795
54.7500058244975
54.7636922778622
54.7773663942697
54.7910286140447
54.8046798994778
54.8183220661706
54.8319574375893
54.8455871399311
54.859210040777
54.8728241515412
54.8864279841239
54.9000207306553
54.9136019976725
54.9271715612174
54.9407292248434
54.9542747495901
54.9678078182077
54.9813280098911
54.9948347751798
55.0083274131015
55.0218050683131
55.0352667870245
55.0487116871716
55.062139290558
55.0755499721604
55.0889451455992
55.10232646814
55.115694299508
55.1290470903028
55.1423824882044
55.1556992567578
55.168998381592
55.1822826789248
55.1955557275684
55.2088210265005
55.2220815994897
55.2353399031554
55.2485978746641
55.2618570244165
55.27511853091
55.2883833209515
55.3016521291076
55.3149255348099
55.3282039788109
55.3414877667524
55.3547770765114
55.3680719906093
55.3813725622936
55.3946788943424
55.4079911903501
55.4213097550211
55.4346349578361
55.4479671935564
55.4613068610445
55.4746543611233
55.4880101046215
55.5013745230912
55.5147480788079
55.5281312733577
55.541524655071
55.5549288255226
55.5683444452354
55.5817722388368
55.5952130006436
55.608667602951
55.6221370101883
55.6356223014105
55.6491247007336
55.6626456120801
55.6761866534817
55.6897496878103
55.7033368492047
55.7169505650066
55.7305935714067
55.7442689167327
55.7579799385156
55.7717301818223
55.7855231840336
55.7993620202197
55.8132486822459
55.8271837914217
55.8411670735604
55.855198216213
55.869277334136
55.8834047936074
55.8975807904859
55.9118050783015
55.9260769043563
55.940395077285
55.9547580873612
55.9691641980684
55.9836114467345
55.9980975386272
56.0126196747816
56.0271744096608
56.0417576918724
56.0563652627271
56.0709934531838
56.0856400446677
56.1003045117108
56.1149873213938
56.129689019497
56.1444099280995
56.1591502734315
56.1739103264638
56.1886904674571
56.203491214245
56.2183132429826
56.2331574105017
56.2480247790834
56.262916641796
56.2778345465108
56.2927803185049
56.3077560826253
56.3227642854658
56.3378077147726
56.3528895087434
56.3680131435458
56.3831823837935
56.3984011784974
56.4136734889603
56.4290030530071
56.4443931092765
56.4598460769696
56.4753631942706
56.4909444403613
56.506589014605
56.5222956657791
56.5380624274099
56.5538863441547
56.5697635474802
56.5856894525855
56.6016588481086
56.6176659992772
56.6337051349929
56.6497715108539
56.6658625156272
56.6819776417974
56.6981170111518
56.7142800276662
56.7304653059752
56.746671240261
56.7628964326294
56.7791398164161
56.7954006013714
56.811678177548
56.827972043918
56.8442817726462
56.8606069972535
56.8769474094059
56.8933027540097
56.9096728193326
56.9260574247989
56.9424564096912
56.9588696215979
56.9752968993109
56.9917380444592
57.0081927769513
57.0246606677997
57.041141040595
57.0576328333164
57.0741344231835
57.09064344662
57.1071566978013
57.1236702384163
57.140179827207
57.1566815781769
57.1731724099282
57.1896497845964
57.2061108273026
57.2225515997144
57.2389672074819
57.2553525778602
57.2717031366664
57.2880149343275
57.3042844050438
57.320508121833
57.3366827222471
57.3528049840154
57.3688719559515
57.3848810766111
57.4008302739257
57.416718064435
57.432543651582
57.4483069979105
57.464008843269
57.4796506580681
57.4952345420263
57.5107630915627
57.526239258368
57.541666210763
57.5570471947497
57.5723853778719
57.5876836530922
57.6029443936348
57.6181692038276
57.633358806403
57.6485132434179
57.6636323642949
57.6787162570169
57.6937652854226
57.7087797432762
57.7237594430472
57.7387034319519
57.753609766846
57.7684753853801
57.7832963398126
57.7980683152385
57.8127867951588
57.8274469731453
57.8420440280744
57.856573302208
57.8710300312176
57.8854089677437
57.8997041639879
57.9139089511496
57.9280161071321
57.9420182275391
57.9559083121558
57.9696805201995
57.9833309432584
57.9968581574833
58.0102633365386
58.0235498708466
58.0367226585045
58.0497873627455
58.0627498977216
58.0756162471329
58.0883925236826
58.1010850383629
58.1137001801043
58.126244122335
58.1387225380184
58.1511404421257
58.1635021322762
58.1758111378909
58.1880701273908
58.2002808171892
58.2124440457442
58.2245602442413
58.236630374949
58.2486569226306
58.2606440945359
58.2725968307066
58.2845194614624
58.2964150937839
58.3082857660291
58.3201328227104
58.3319571906758
58.3437595310789
58.3555403204912
58.3672998984604
58.379038498459
58.3907562688767
58.4024532857256
58.4141295561227
58.4257850109394
58.4374194866183
58.449032699415
58.4606242192896
58.4721934528766
58.4837396437796
58.4952618935988
58.5067592010874
58.5182305131839
58.52967478231
58.5410910290318
58.5524784140175
58.5638363251475
58.5751644814348
58.586463045262
58.597732721974
58.608974817965
58.6201912324574
58.6313843745759
58.6425570201262
58.6537121385804
58.6648527245659
58.6759816594518
58.6871016150834
58.6982149991459
58.7093239343188
58.7204302604618
58.7315355495704
58.7426411258392
58.7537480868088
58.7648573258605
58.7759695608696
58.7870853768695
58.7982052895465
58.8093298272041
58.8204596046463
58.8315953265976
58.8427376761516
58.8538871963661
58.865044340986
58.8762096263035
58.887383699628
58.8985673069713
58.9097612357546
58.9209662764805
58.9321832072677
58.9434127914296
58.9546557789002
58.9659129067878
58.9771848987743
58.9884724665731
58.999776318445
59.0110971788335
59.0224358198096
59.0337931008975
59.0451700097242
59.0565676934416
59.0679874737376
59.0794308461189
59.0908994703981
59.1023951597465
59.1139198715939
59.1254756985969
59.1370648544716
59.1486896504524
59.1603524654731
59.1720557243459
59.1838019044393
59.1955935845125
59.2074335296268
59.2193247845333
59.2312707437592
59.2432751916751
59.255342335456
59.2674768554694
59.2796839757545
59.291969537046
59.3043400484914
59.3168026971866
59.3293653004122
59.3420361868757
59.3548239789481
59.3677371943756
59.3807835119421
59.3939686369244
59.4072952798231
59.4207634498776
59.434372384018
59.4481224435517
59.4620154400132
59.4760535874498
59.4902381374688
59.5045683925811
59.5190412860782
59.5336514842929
59.5483918594715
59.5632541126376
59.5782293527529
59.5933085745351
59.6084831317862
59.6237453284676
59.639089004089
59.6545097419167
59.6700046464488
59.6855719564785
59.7012106497764
59.716920158329
59.7327002223355
59.7485508129527
59.7644720390796
59.7804639754494
59.7965264004774
59.812658379654
59.8288573017919
59.8451172312984
59.8614286912363
59.87778353681
59.8941806792421
59.9106246895553
59.9271215731109
59.943677123133
59.9602971659372
59.9769877264471
59.9937545223077
60.0106013399164
