0
0
5.55111512312578e-08
9.99200722162641e-08
8.88178419700125e-08
-9.99200722162641e-08
-5.6621374255883e-07
-1.46549439250521e-06
-2.94209101525666e-06
-5.11812814352197e-06
-8.11573031000989e-06
-1.20681242776755e-05
-1.70308211977499e-05
-2.30482299912182e-05
-3.0098146197588e-05
-3.81694675866129e-05
-4.71622740860766e-05
-5.6932236702778e-05
-6.73350264435157e-05
-7.81374964731185e-05
-8.91509088774001e-05
-0.000100097707900204
-0.000110733644476113
-0.000120825571769956
-0.000130151445176807
-0.000138489220091742
-0.000145705669751806
-0.000151689771854535
-0.000156397117478946
-0.000159783297704053
-0.00016189272145084
-0.000162825308791525
-0.000162714286489063
-0.000161648472385423
-0.000159827706625038
-0.000157385215970862
-0.000154443124955606
-0.000151101353651484
-0.000147437617670221
-0.000143429712551324
-0.00013908874052504
-0.000134336985979644
-0.000129074528842921
-0.000123223653503146
-0.000116662235427611
-0.0001092903545441
-0.000101008090780397
-9.17710352155154e-05
-8.15347789284715e-05
-7.02771174587724e-05
-5.80646641878957e-05
-4.49529302670726e-05
-3.10640402290119e-05
-1.65978342181461e-05
-1.75415237890775e-06
1.32005517627931e-05
2.79665179903077e-05
4.22439860869872e-05
5.57109913756904e-05
6.80233647187833e-05
7.88702436693711e-05
8.79074590898199e-05
9.48241485332346e-05
9.92428361712427e-05
0.000100774943945225
9.90540982570565e-05
9.39026634227957e-05
8.5442763975152e-05
7.40740802029904e-05
6.02962124673923e-05
4.45421477479613e-05
2.72004641033163e-05
8.64863736182997e-06
-1.08024700296028e-05
-3.07975867031018e-05
-5.08926234488172e-05
-7.06878999778837e-05
-8.97171226199589e-05
-0.000107580611086178
-0.000123889787317921
-0.000138311584407802
-0.000150623957750895
-0.00016064927166326
-0.000168376423914651
-0.000173783210044576
-0.000177069470197466
-0.000178468351208494
-0.0001783018177548
-0.000176914038974019
-0.000174749104076
-0.000172273306731086
-0.000169841918307156
-0.000167910130244309
-0.000166788804989437
-0.00016672219160796
-0.00016787682355357
-0.000170286007517007
-0.000173883130116792
-0.000178501657899233
-0.00018384183064768
-0.00018952617253376
-0.000195110594347625
-0.000200106597958438
-0.000204003480774873
-0.000206334949126585
-0.000206623607112988
-0.000204480876675461
-0.000199629202057849
-0.00019186874311572
-0.000181088477546609
-0.000167355018731996
-0.000150768286744096
-0.00013159473510882
-0.000110134124042816
-8.66640093022397e-05
-6.15396622549724e-05
-3.52273765713562e-05
-8.82627304576999e-06
1.58761892521397e-05
3.79141162909491e-05
5.8297811023067e-05
7.84039499990286e-05
9.80771019953863e-05
0.000116362475210963
0.000132371891226057
0.000145650158600574
0.000156086255032051
0.000163791202822949
0.000169042557729426
0.000172128977737884
0.000173427938676696
0.000173305814143987
0.000172106773277392
0.000170174985214544
0.000167832414632585
0.000165323310596932
0.000162880819942757
0.000160715885044738
0.000158972834896076
0.000157784896259727
0.000157229784747415
0.000157385215970862
0.000158317803311547
0.000160094160150948
0.000162758695410048
0.000166400226930818
0.000171129777015722
0.000177158288039436
0.000184718906837134
0.000194244620388417
0.000206235029054369
0.000221078710893607
0.00023822055439382
0.000255306886742801
0.000269417821385787
0.000279276601844458
0.000285249601716941
0.000288180590501952
0.000288713497553772
0.000287336821003237
0.000284328116606503
0.000279887224508002
0.000274191780391675
0.000267397215480969
0.000259636756538839
0.000251110243709718
0.000242028619368284
0.000232625030349709
0.000223177032410149
0.000213917772384775
0.000205147010490236
0.000197070137986088
0.000189837034980656
0.000183553172661277
0.000178279613294308
0.000173994152419255
0.000170730096726857
0.000168470792871744
0.000167216240853918
0.000166938685097762
0.000167516001070567
0.00016885381981524
0.000171135328130845
0.000175787162604024
0.000187949655838793
0.000222127871651878
0.000311917158768438
0.000513561415615982
0.000857774962170765
0.00121108678641235
0.00127304278230156
0.000968647384524957
0.000567462743461533
0.000281397127821492
0.000127575727759677
5.52335954751015e-05
2.37754260723477e-05
1.20015108961979e-05
1.02196029416746e-05
1.39555034195382e-05
2.08777439780761e-05
2.9526381339906e-05
3.89299703584811e-05
4.85167461761193e-05
5.80535619576494e-05
6.75570710484408e-05
7.71605002114484e-05
8.70414851306123e-05
9.7222230266425e-05
0.000107558406625685
0.000117794662912729
0.000127442500996722
0.00013603562720732
0.000143041134492705
0.000147970524722041
0.000150379708685477
0.00014986900609415
0.000146049838889439
0.000138533629012727
0.000126887389484409
0.000110766951166852
9.00057806063614e-05
6.51700915454967e-05
3.78030939884866e-05
1.02362562870439e-05
-1.54765089632747e-05
-3.82582854285829e-05
-5.79980508064182e-05
-7.51509965368768e-05
-9.04498698162115e-05
-0.000104660724531414
-0.000118605125720705
-0.000133093536192064
-0.000148836498681248
-0.000166555658154266
-0.000186839432814168
-0.00021032064978499
-0.000237532216118552
-0.000268973732175937
-0.00030462299349665
-0.000342947892306711
-0.000378808096002103
-0.000398703292603386
-0.000372168962314845
-0.000238997710511057
9.7222230266425e-05
0.000730482341282368
0.00161347601945749
0.00240643061033552
0.00266308086693812
0.0023195556586586
0.00172147851529303
0.00118404175353248
0.000800626231978185
0.000542443867601605
0.000361810581495092
0.000225663931985309
0.000115740750317173
2.2726265314077e-05
-5.80646641878957e-05
-0.000129041222152182
-0.000191446858366362
-0.000246003217796442
-0.000293109980731288
-0.000333122418538778
-0.000366340291435563
-0.000393085564098783
-0.000413846734659273
-0.000429178914629347
-0.000439692726672547
-0.000446132020215373
-0.000449262849144816
-0.000449906778499098
-0.000448796555474473
-0.000446687131727685
-0.000444166925461786
-0.000441779945958842
-0.000439881464586733
-0.000438704628180631
-0.000438349356812751
-0.000438749037101616
-0.000439792646744763
-0.000441302550058253
-0.000443034497976669
-0.000444788650355576
-0.000446420678201775
-0.000447841763673296
-0.000449151826842353
-0.00045049519670215
-0.000452304860232289
-0.000455047111103113
-0.000459454696510875
-0.000466393590414782
-0.000476840789076505
-0.000491928719981161
-0.000512823117304606
-0.000540734124143682
-0.000576738656832276
-0.000621680484869103
-0.000676014799694258
-0.000739408534400354
-0.000810496114667103
-0.0008861800182558
-0.000961131174648244
-0.00102707842231098
-0.00107238662394593
-0.00108222319994411
-0.00103997921385712
-0.000930366894635881
-0.000744060368873534
-0.000482847095639727
-0.00016278089987054
0.0001870392729586
0.000530653299080086
0.000833810798184231
0.00107168718344042
0.00123219212611048
0.00131523680835244
0.00132922561846271
0.00128702604129671
0.00120258247804372
0.00108890674255235
0.000957012247226885
0.000815802980724811
0.000672017996805607
0.000530775423612795
0.000395827814969607
0.000269906319516622
0.000155087054309888
5.29243315838812e-05
-3.52939899528337e-05
-0.000108602016268833
-0.000166167080095647
-0.000207323047618502
-0.000231692443009024
-0.000239064323892535
-0.00022948309919002
-0.000203248529118127
-0.000160838009577446
-0.000102973185533983
-3.05533376376843e-05
5.53113110868253e-05
0.000153177470707533
0.000261302091075777
0.000377453623912061
0.000498789898273344
0.000621691587099349
0.000741529060377388
0.000852395931616456
0.000946831502091072
0.00101557651177586
0.00104762865049679
0.00103049790922682
0.000951383416492035
0.000799094124204203
0.000567290658892716
0.000258337795600028
-0.000113131726209303
-0.000518829423867828
-0.000919719855829726
-0.00127339250255432
-0.00154433132948384
-0.0017123968909516
-0.00177603487472311
-0.00174940062436235
-0.00165570890331423
-0.00152022838761923
-0.0013654188890655
-0.00120846666007424
-0.00106101794017377
-0.000929856192044554
-0.000818045631234554
-0.000726108062565345
-0.000652944365242547
-0.000596589444512574
-0.000554778445405191
-0.000525224308489669
-0.000505873121170453
-0.000494904117687156
-0.00049068527019358
-0.000491773288757713
-0.000496880314670989
-0.000504840613757551
-0.00051467718975573
-0.000525657295469273
-0.000537281330537098
-0.000549316148124035
-0.000561695134848605
-0.000574451597401548
-0.000587541126861879
-0.000600830496466642
-0.000613942230387465
-0.000626343421572528
-0.000637379038437302
-0.000646294129325042
-0.000652333742579003
-0.000654820642154164
-0.00065296656970304
-0.000645905551266424
-0.000632560670510429
-0.000611644068726491
-0.000581623638140627
-0.000540811839755406
-0.000487609952415369
-0.000420563583958256
-0.000338484795747718
-0.000240674147278241
-0.000126598731498007
4.39648317751562e-06
0.000153588253226644
0.000323630011678233
0.000519184695235708
0.00074806827399243
0.00102272634805445
0.00136303190956255
0.00179947168277295
0.00237369013333932
0.00312508907640563
0.00404462019432117
0.00499018604216417
0.00562787594304837
0.00553715961970624
0.0045030312811889
0.0027340796293629
0.000753808127029743
-0.000920885590005582
-0.0020202728379104
-0.00254826160173138
-0.00266275890226098
-0.00254471999028283
-0.00232964758595244
-0.00209678940876756
-0.00188399296163766
-0.00170501390783784
-0.00156132884399085
-0.0014477308241112
-0.00135480515695008
-0.00127087229628842
-0.00118524079439908
-0.00109180442464663
-0.000990896253938445
-0.000887900863943969
-0.000790223442237448
-0.000704680758190079
-0.000635913544044797
-0.000585653747720016
-0.000552724532809634
-0.000533650901246574
-0.000523803223018149
-0.000518618481493149
-0.000514621678604499
-0.000510202990966491
-0.00050638382376178
-0.000507249797720988
-0.000520150589267132
-0.000555011592240362
-0.000622213391920923
-0.00072846173537755
-0.000871380745337547
-0.00103496100578582
-0.00119013687793768
-0.00130344623983092
-0.00135105260312685
-0.00133052457940153
-0.00126180177417723
-0.00117678089495143
-0.00110383924223356
-0.00105576658526729
-0.00102614583497029
-0.000991784432358145
-0.000913835673799213
-0.000730793203729263
-0.000349120732323627
0.00032692737406137
0.00124585897154361
0.00201603178595633
0.00213665751758185
0.00162801994108008
0.000972155689282772
0.000496092056323505
0.000227562413357418
9.0116802908824e-05
2.16160422894518e-05
-1.12354570092066e-05
-2.54352094941623e-05
-3.03090885722668e-05
-3.07198710913781e-05
-2.86215495748365e-05
-2.43360886997834e-05
-1.77968750847413e-05
-9.08162434143378e-06
1.52100554373646e-06
1.37001521238744e-05
2.74003042477489e-05
4.28768132110235e-05
6.0373928079116e-05
7.9836137700795e-05
0.000100597308261285
0.000121447296663746
0.00014086509736444
0.00015771828287825
0.000171573866225572
0.000182831527695271
0.000192523774700248
0.000202038386021286
0.000212785344899658
0.000226063612274174
0.000243050024550939
0.000265099053819995
0.000293709501164585
0.000330468985509924
0.000375544040309705
0.000425520729763207
0.000473532324463122
0.00051370019349406
0.000544664313650856
0.000568251001809017
0.000587047077615921
0.000603078698091508
0.000617550455217497
0.000630923091549107
0.000643246567122446
0.000654365450714067
0.000664174271136631
0.000672772948462352
0.000680483447368374
0.000687822021561146
0.000695421498164706
0.000703881397612349
0.000713662462459297
0.000725025595116335
0.000738026306734696
0.000752586881702655
0.000768601848832873
0.000786004594743872
0.000804761812744914
0.000824884605066245
0.000846439585089342
0.000869687655224993
0.000895489238317282
0.000925798326889549
0.00096419539019621
0.00101656461026778
0.00109210418486327
0.00120506937761888
0.00137730937765923
0.00164080971032377
0.00203770889051214
0.00261278221280747
0.00339193118037429
0.00434554059403069
0.00535372857157768
0.00620868911838102
0.00667646493646146
0.00658867405078922
0.00590474336092939
0.00471850336580815
0.00322569193578204
0.00167111879889603
0.000285038659342263
-0.000774413866366785
-0.00144964595882868
-0.00177306502813224
-0.00183007498044674
-0.00171923586478329
-0.00152573509382137
-0.00131055721830364
-0.00110962350419186
-0.00093753893537496
-0.000793470844584476
-0.000668548549853654
-0.000553185275364854
-0.000442151870672092
-0.000335709238186155
-0.000237843078565447
-0.000153282941894872
-8.52817816365814e-05
-3.46833672892899e-05
-1.38777878078145e-07
2.10886863527548e-05
3.22242232897452e-05
3.62432306388882e-05
3.54050122552962e-05
3.10085290777806e-05
2.33757457834827e-05
1.18627330181198e-05
-4.89608353859694e-06
-2.86382029202059e-05
-6.10012040880292e-05
-0.000102762243159304
-0.000153133061786548
-0.000209066097767163
-0.000265076849359502
-0.000313871151291778
-0.000347932793687278
-0.000361710661422876
-0.000353794771257299
-0.000328026494855749
-0.000293054469580056
-0.000260513832728293
-0.000242972308939216
-0.000252131648892373
-0.000297473157218064
-0.000383915121915379
-0.00050638382376178
-0.000640565378517977
-0.000738331618066468
-0.000757660600925192
-0.000752531370551424
-0.000934585742129457
-0.00149207313171473
-0.00227169394406701
-0.00286385359871133
-0.00303745917307197
-0.00287833090695244
-0.00258703058975129
-0.00230456764782616
-0.00208179029570488
-0.00191577864683268
-0.00178721482058108
-0.00167943436935047
-0.00158310031750375
-0.00149449341790842
-0.00141298084344044
-0.00133922872791459
-0.00127448052111845
-0.00122000187730009
-0.00117648113473479
-0.00114350751090342
-0.00111927134227585
-0.00110067510661338
-0.00108392184117179
-0.00106535891220005
-0.00104229957997859
-0.0010135448036408
-0.000979560876857022
-0.000942079747545677
-0.000903632724202907
-0.000866795524245845
-0.000833788593723739
-0.000806021915877864
-0.000784106113371763
-0.000767941266133221
-0.000756961160419678
-0.000750333128962666
-0.000747302220105439
-0.000747213402263469
-0.000749544870615182
-0.000753896944871713
-0.000759892149204688
-0.000767108598864752
-0.000775335351477224
-0.000785116416324172
-0.000798694443915338
-0.000820998824480057
-0.000860289617321541
-0.000927657950455796
-0.00103586028643576
-0.00119827481270818
-0.00142901246391602
-0.0017448043010404
-0.00216743289982446
-0.00272434297343693
-0.00344374528893354
-0.00433773017505246
-0.00536397593009497
-0.0063597904720325
-0.0069744376940406
-0.00670365429833453
-0.00517090259499753
-0.00257007748416527
0.000234878783089698
0.00226514362822172
0.00309582914859163
0.00296914159925166
0.0024169166668031
0.00186241577715407
0.0014789114377578
0.00126097465802388
0.00114187548305722
0.00106226138996135
0.000988192860873482
0.000906280606116638
0.00081459283762797
0.000716143810919334
0.000615352213628739
0.000516608977818578
0.000423783230729669
0.000340139028054409
0.000268274291670423
0.000209893213920509
0.000165456537359887
0.000134042776878118
0.000113381526389844
0.000100325303620252
9.15933995315754e-05
8.44380121378663e-05
7.71771535568178e-05
6.92224055853785e-05
6.09623462821673e-05
5.32962562971306e-05
4.74065231514942e-05
4.44699832513606e-05
4.55802062759858e-05
5.17030862567935e-05
6.36102281958983e-05
8.18289880299972e-05
0.000106487041406922
0.000137151401347069
0.000172700742595566
0.000211353157197891
0.000250932608025778
0.000289418489174409
0.000325600657546943
0.000359562379870226
0.000392780252767011
0.000427824442539304
0.000467759164735071
0.00051567083936277
0.000574379432904948
0.000646610542887061
0.000735417282626827
0.000844851966164128
0.000980732162148001
0.00115151221891097
0.0013688772337872
0.00164783187095452
0.00200547356499214
0.00245748976723803
0.00301185743012411
0.00366043861887988
0.00437178626633283
0.00508896258466507
0.0057349180959676
0.00622276119521814
0.0064667049493039
0.00639160946391826
0.00594547189258776
0.00512004882935457
0.00397608057589593
0.002654554354109
0.00135077504737069
0.000250838239068685
-0.000532662802754658
-0.00098442365370488
-0.00116283094264702
-0.00115638609798907
-0.00104847241999551
-0.000900640673151543
-0.000750621786949068
-0.000617450535145281
-0.000508032504953349
-0.000422550883172335
-0.000358046925441613
-0.000310473868836425
-0.000275640621438811
-0.000249583687050858
-0.000228556062964458
-0.000209082751112533
-0.00018794410472367
-0.000162458935193399
-0.000130828681221828
-9.26092535991074e-05
-4.91051643791707e-05
-3.59157148466238e-06
3.89743792794661e-05
7.26918525373321e-05
9.20929998926567e-05
9.35751476305313e-05
7.66497976201208e-05
4.42756942220512e-05
2.26485497023532e-06
-4.20330437123084e-05
-8.13460410142852e-05
-0.000109806608250551
-0.000123562271525657
-0.000121003207453896
-0.000102429176251917
-6.94833079961654e-05
-2.45692355349547e-05
2.95874436062604e-05
9.03277452835027e-05
0.000155103707655257
0.000221395124455626
0.000286465295928906
0.000347050166382701
0.000399053012856143
0.000437516689544282
0.000456845672403006
0.000451544357460421
0.000417338386071719
0.000352434748052133
0.000258487675708352
0.000140815137328332
7.31636973227978e-06
-0.000133570932092653
-0.000275468536869994
-0.000416372492040296
-0.000559857715742851
-0.000714911463362
-0.000894856411193246
-0.00111582409978439
-0.00139542821742111
-0.00175079395425826
-0.00219309570503867
-0.0027116364709201
-0.00323789883793779
-0.00359709484420989
-0.00352630702415979
-0.00292765256482141
-0.00229254948358459
-0.00257288079730245
-0.00417376133654557
-0.00635188568409717
-0.0077577833046405
-0.00753172524348145
-0.00596563909383008
-0.00396412347392072
-0.00222403206961985
-0.00099655284024891
-0.000241590081273557
0.000180266912508387
0.000401201294408793
0.000513139530866624
0.000570321567749943
0.000601441119130186
0.000620503648463
0.000633854080334117
0.00064414029665727
0.000652267129197526
0.000658284537990994
0.000661737331597578
0.00066177618940344
0.000657079946009276
0.000645838937884946
0.000625610674376276
0.000593297633244561
0.000545297140774892
0.000477723416381082
0.000387057053075068
0.000271227484915926
0.000131261668201432
-2.6523228058295e-05
-0.000187772020154853
-0.000327354809925851
-0.000407585076800387
-0.000379829501184759
-0.000193878246790291
0.000180011561212723
0.000716943171497064
0.00131061828057
0.00179245507325732
0.00201388350440368
0.00193459137598495
0.0016313839168447
0.00122890586595759
0.000829764035259473
0.000489780438428511
0.000226024754468312
3.25794946576252e-05
-0.00010735301536613
-0.000214028794687238
-0.000307004421884471
-0.000402960997902824
-0.000515093523389965
-0.000653388454452397
-0.000824867951720876
-0.00103297370657174
-0.00127414190309594
-0.00153032586602819
-0.00175669478963414
-0.00186979876026783
-0.00175470749042006
-0.0013209655591595
-0.000613181727615597
0.000111471942787489
0.000497774044205812
0.00039146463848283
-1.79301018476963e-06
-0.000326982885212601
-0.000384775544759464
-0.000195415905679397
0.00011919909503888
0.000443062253552284
0.000706623648483173
0.000886057893723091
0.000987915305117326
0.00103251296401652
0.00104198316641657
0.0010339729072939
0.00101982866596018
0.00100527919322246
0.000991995374732824
0.000979183401028649
0.000965089119731033
0.000948252587562592
0.000928701560098943
0.000908939590260616
0.000894073703960885
0.0008905487458577
0.000903216390568673
0.000931738020071293
0.000969002655892837
0.00100366936983676
0.00102639008403571
0.00103508868143365
0.00103495545467069
0.0010338285783007
0.00103715924737457
0.00104602992934133
0.00105812580919462
0.00106989417325565
0.00107826525486132
0.00108143494159663
0.0010789091842156
0.00107118203196421
0.00105926378779486
0.0010444145548405
0.00102785557842822
0.00101075259273387
0.00099413810517035
0.000979011316459832
0.00096632701840349
0.000957045553917624
0.000952132817033657
0.000952427026135183
0.000958438883813528
0.000969890834312537
0.000985100889749901
0.00100001673608574
0.00100703334560137
0.000993927162795671
0.000943228828376164
0.000833183522175318
0.000641148245605905
0.000350219853118006
-4.13835632429027e-05
-0.00051075255136368
-0.00100534580660394
-0.00144798617540687
-0.00175431891236144
-0.00185905735250458
-0.00174030789779067
-0.00142892919718918
-0.000997540938740826
-0.000535116395639079
-0.000119126930542279
0.000203320693614728
0.000419980716870327
0.000545768985560358
0.00060970672954852
0.000643529673993726
0.000675137723504804
0.000727007343215291
0.000817484968607118
0.000962574464580257
0.00117644227692892
0.00146933021305529
0.00184272597181234
0.00228305707672405
0.00275677813910136
0.00321052073815054
0.00357903151559924
0.00380080966699836
0.00383741927123538
0.00368947095097383
0.00340085737349227
0.00304535285877705
0.00269935740426774
0.00241497932762513
0.0022089940987513
0.00207030503851513
0.0019760582059547
0.00190513160802652
0.00184426363070145
0.00178813630569152
0.0017365942017733
0.00169135816463495
0.00165332747492641
0.00162100888267958
0.00158952850881633
0.00155043755611928
0.00149193435383665
0.00139959710487858
0.00125747745549631
0.00104972697201333
0.000762506724427681
0.000386224385806599
-8.2261975009601e-05
-0.000638022967791585
-0.00126796906307902
-0.00195322091833816
-0.0026740942793424
-0.00341474626353033
-0.0041601833089544
-0.00487847540142639
-0.00549564838081551
-0.00589365223291338
-0.00595591909124948
-0.00563439850331804
-0.00498077690203047
-0.00412225809043321
-0.00320971027534256
-0.00236945463250038
-0.00167562075326089
-0.00114772635839699
-0.000766631202964163
-0.000495697927149763
-0.000297289970419001
-0.000141431311106999
-7.99360577730113e-06
0.000114463993838854
0.0002307265489776
0.000340810712984307
0.000441341407864115
0.000526872989681237
0.00059125482287925
0.000629230001436554
0.000637717656459813
0.000616712236833905
0.000569505553826843
0.000502775598931748
0.000426669810593694
0.000354394291690596
0.00030053737276603
0.000277711187379737
0.000292693647097053
0.000344063666446459
0.000422978319036815
0.000516392484328776
0.000610927974875608
0.000695860036259432
0.000764399654684667
0.000813643596941915
0.00084364737418241
0.00085630946777826
0.000854316617449058
0.000840466585216859
0.000817251821771947
0.000786626319637662
0.000750083328782125
0.000708733072229961
0.00066346372840087
0.000615196782405292
0.000565070212843466
0.000514699394216223
0.00046646020379626
0.000423688861772575
0.000390792953552932
0.00037310154965553
0.000376249031930342
0.000404709599166608
0.000459310367517674
0.000533428856641649
0.000608629813214634
0.000651184661748516
0.000613298301033183
0.000442762493335636
0.000101924024775712
-0.000410782519111308
-0.00104938835399082
-0.00172741265735965
-0.0023399837623117
-0.00279053447016508
-0.00301348390685519
-0.00298900904027732
-0.00274676947853436
-0.00235646502311226
-0.00190730764515479
-0.00148308032521527
-0.00114255827021736
-0.000911293263072821
-0.000785260745317373
-0.000741362526923695
-0.000748873185685284
-0.000777994335621202
-0.000804473154758512
-0.000811256617438971
-0.000788319409750216
-0.000731625870997732
-0.000641703357118217
-0.000522198950747566
-0.000378608255857671
-0.000217359463761113
-4.53914683617995e-05
0.000129868338305528
0.000300337532621597
0.000457245352691871
0.0005916267475925
0.000695260515826135
0.000761674057159212
0.000786404275032737
0.000765770780120079
0.000695676849460369
0.000574407188480563
0.000411942702172041
0.000238820074827117
0.000100586206031039
3.61710661422876e-05
5.77926595468625e-05
0.000149064094401297
0.000278344014503773
0.000414246414948138
0.000534605693047752
0.000628230800714391
0.000692584878336788
0.000730288052253059
0.000746275263807661
0.000745853379058303
0.000733829663701613
0.000714051040517916
0.000689370782680498
0.000661531940338023
0.000630978602700338
0.000596417359943757
0.000554650769757359
0.000500993690977225
0.000431804592082585
0.000349520412612492
0.000267064148573581
0.000201233474328433
0.00014264145420384
2.01894057028085e-05
-0.000265015787093148
-0.000710886904897734
-0.00115748521878345
-0.00142199030328527
-0.00144567136040052
-0.00129111166202733
-0.00105832009822393
-0.000824351698014425
-0.0006283529252471
-0.000480759876353432
-0.000376981779126595
-0.000307459613324568
-0.000262939670037099
-0.000236466402014912
-0.000223576712699014
-0.000221761498053752
-0.000229738450485684
-0.000246724862762449
-0.00027199908991804
-0.000304489766733695
-0.000342503803096861
-0.000383432174899667
-0.000423544532779374
-0.000457650584095859
-0.000479083439586248
-0.0004798161867825
-0.000451072512674955
-0.000384559051269662
-0.000274041900283351
-0.000117278409206278
8.22120149734928e-05
0.000314359649422613
0.000562877522369831
0.000807232058974705
0.00102560182568823
0.00119822485267207
0.00130997990233084
0.00135162991909965
0.00131999966512808
0.00121713195078144
0.00104940500733619
0.000826871904280324
0.000563271651543573
0.000276534350973634
-1.0458300891969e-05
-0.000269612110415096
-0.000468536320852309
-0.000573813219162389
-0.00055712101598715
-0.000403999056430848
-0.000123606680446642
0.000245281572830436
0.000637667696423705
0.000978311875954319
0.00120536358672041
0.00128974053659192
0.00123984711386527
0.00109124376201919
0.000889638362977507
0.000676342315486522
0.000480382400525059
0.000317057491372452
0.000190508719910554
9.78550573904613e-05
3.31568106304303e-05
-9.54236689665322e-06
-3.45667938717042e-05
-4.45088410572225e-05
-4.19664303308309e-05
-3.34565708470791e-05
-3.53661544494344e-05
-7.99138533125188e-05
-0.0002158440093325
-0.000496419572115769
-0.00095206620365218
-0.0015623002891374
-0.00225234275674779
-0.0029102942278314
-0.00338369887664669
-0.00349328344029232
-0.00314636094955745
-0.00243792763754413
-0.00159149360356992
-0.000818584089401497
-0.000234484653915956
0.000142769129851672
0.000352390339131148
0.000450534054508012
0.000486299889246311
0.000493527441136621
0.000491773288757713
0.000490457674473532
0.000492950125163816
0.000499494889893981
0.000509020603445265
0.000520067322540285
0.00053126392174363
0.000541461320224812
0.000549799095139747
0.000555711032745876
0.000558841861675319
0.000559036150704628
0.000556299450948927
0.000550681722444324
0.000542260680802542
0.000531047428253828
0.000516869880229365
0.000499345009785657
0.000477873296489406
0.000451744197604853
0.000420197210360129
0.000382632814321937
0.000338690187007273
0.000288341572840523
0.000231914487613949
0.000170019553991096
0.000103594910427773
3.38562511359441e-05
-3.74922315415915e-05
-0.000108213438210214
-0.000175309766703435
-0.000234967600931668
-0.00028260171980321
-0.000313155057440895
-0.000321631610233908
-0.000304167802056554
-0.000259103849487019
-0.000188288273861303
-9.81881242978488e-05
-6.66133814775094e-07
8.58202398035246e-05
0.000134864341916341
0.000111310960448918
-2.41195952099815e-05
-0.000298755464811506
-0.000701411151382558
-0.00116442966380248
-0.00158665858229767
-0.00188958293456665
-0.00202589611753012
-0.00193655647073854
-0.00159379731634601
-0.00108342779192583
-0.000561239943408509
-0.000146332945760719
0.000123068222279699
0.000267930122532789
0.000330341309862092
0.000348282513940035
0.000346545014906496
0.000337219141499645
0.000323274740310353
0.000302091685000505
0.00026817992271333
0.000215716333684668
0.000141725520208524
5.02986541306427e-05
-4.28435065202848e-05
-0.000108529851772232
-0.000109284803428977
-1.41275879883551e-05
0.000181843429203354
0.000447009096404827
0.000724315052380575
0.000958932933059486
0.00112088116566156
0.00120811693982148
0.00123487886583007
0.00121888055204522
0.00117418297307381
0.00110948472631378
0.00102866604123619
0.000932059984748435
0.000817673706521305
0.000682365275395114
0.000523292520426821
0.000339850370068007
0.000136574085374264
-7.35800309570322e-05
-0.000267091904149197
-0.000412059275589627
-0.000477079487026799
-0.000445232739565427
-0.000325561799741081
-0.000152033940992169
3.19300141882195e-05
0.000191613391820056
0.000309874348403127
0.00038388181522464
0.000418232115606543
0.000419730916689787
0.000395627974825175
0.000353550522191881
0.000301647595790655
0.00024775737017535
0.000197974969751158
0.000155897517117864
0.000123023813358714
9.99866855977416e-05
8.73634498077536e-05
8.64641691578072e-05
9.94426763156753e-05
0.000128663746323809
0.000174971148680925
0.000233191244092268
0.000284605672362659
0.000286104473445903
0.00016153745008296
-0.000192246218944092
-0.000867494964751359
-0.0018727686068587
-0.00306616954048877
-0.00416383594270542
-0.0048325343726674
-0.0048191894919114
-0.00410370626369172
-0.00294897439800934
-0.00173615566367857
-0.000751354534145321
-0.000102484687403148
0.000242095232749762
0.000376276787505958
0.000395661281515913
0.000369559938206976
0.000337729844090973
0.000318312043390279
0.000316957571300236
0.000333499894367151
0.00036551872639734
0.000410027567454563
0.00046385117968839
0.000523436849420023
0.000584532422465145
0.000641697806003094
0.000687849777136762
0.000714484027497519
0.000712163661376053
0.000672017996805607
0.000588074033913699
0.000459399185359644
0.000291411339503611
9.51128065196372e-05
-0.000115518705712248
-0.00032701619190334
-0.000529198906917827
-0.000716748882467755
-0.000889976981000018
-0.00105530029159695
-0.00122440946270785
-0.00140976119666902
-0.00161546331867157
-0.00182555082162139
-0.00199685823432105
-0.00206653583134653
-0.00197811766966538
-0.0017154944131903
-0.00131958888260897
-0.000870170602240705
-0.000447730741370833
-0.000105349062806681
0.000137667655053519
0.000288302715034661
0.000367916808130531
0.000401645383618643
0.000411215506090912
0.000411926048826672
0.000412503364799477
0.00041678882567453
0.000425504076417837
0.000437860858681915
0.000452604620448938
0.00046876946768748
0.000485900208957446
0.000504241093324254
0.000524513765753909
0.000547439871212418
0.000572930591857812
0.000598426863618329
0.000616706685718782
0.000613209483191213
0.000563965540933964
0.00043676728900266
0.000198246974392191
-0.000170929936871289
-0.00065696337259169
-0.00120052301433304
-0.0017023882303846
-0.00204980477036543
-0.00215803486192101
-0.00201255678788925
-0.00168071112582879
-0.00127556298856746
-0.000899669228004996
-0.000609828854081229
-0.000415867340564091
-0.000299676949921945
-0.000235561570249843
-0.000201910710373454
-0.00018418044867019
-0.000173172587381032
-0.00016233681066069
-0.000146233025688502
-0.000120242704682028
-8.11795075605914e-05
-2.79498646449383e-05
3.81139564353816e-05
0.000113531406498169
0.000193572935458519
0.000273342459777837
0.00034884317656747
0.000417460510604428
0.000477989869906992
0.00053028692548196
0.000574856828805537
0.000612454531534468
0.00064387384313136
0.000669747590720249
0.000690608681352956
0.000706840141972975
0.000718686221645726
0.000726391169436624
0.000730121518799365
0.000730088212108626
0.000726529947314702
0.000719679871252765
0.000709843295254586
0.00069734773511243
0.000682548462194177
0.000665817401213076
0.000647543130227746
0.000628097573951436
0.00060784155486715
0.000587074833191537
0.000566080515795875
0.000545069545054844
0.000524191801076768
0.00050354165281874
0.000483163509201745
0.00046306847245603
0.000443195480315239
0.000423511226088635
0.000403937994164494
0.000384442477852076
0.000365030228266505
0.000345790063249751
0.000326910720716
0.000308747472033133
0.000291761059756368
0.000276495493167772
0.000263500332664535
0.000253247423032121
0.000245953257760334
0.000241601183503803
0.000239841480009773
0.000240180098032283
0.00024223401062784
0.000245958808875457
0.000252020626589911
0.000261890509278828
0.000277688982919244
0.000301808578129226
0.000336264349698467
0.000382061049464255
0.00043881009936797
0.000504685182534104
0.000576755310177646
0.00065161764872812
0.00072606365364436
0.000797512056394112
0.000864364135821916
0.000925926002537381
0.000982197656540507
0.00103363984038651
0.00108087983008431
0.00112448939049159
0.00116499587754504
0.00120272680703692
0.00123788201911168
0.00127054478049615
0.00130071509119034
0.00132824307108592
0.00135290667557797
0.00137434508218348
0.00139199762827502
0.00140518707780757
0.00141304190570679
0.00141451850232954
0.00140844003126972
0.00139354083827925
0.00136849975795883
0.00133201782936965
0.00128286270495437
0.00121992971280349
0.00114227516334608
0.00104921071830688
0.000940525435311201
0.000816779976986481
0.000679650780099905
0.000531513721924171
0.000373395758757056
0.00020236590181355
1.38278277717063e-05
-0.000184652293455656
-0.000355671048168915
-0.000439492886528114
-0.00040055736505451
-0.000271799249773608
-0.000140504274881437
-8.54261106297827e-05
-0.000132033273203547
-0.00025979773887741
-0.00043335890431706
-0.000622712992282004
-0.000806821276455594
-0.000971023261797654
-0.00110499387417917
-0.00120213283771875
-0.00125924271010547
-0.00127615695788563
-0.00125562893416031
-0.00120404242132111
-0.00113354881037253
-0.00106540332112104
-0.00103324571121277
-0.0010824618978944
-0.00126033627978472
-0.0015928591778902
-0.00205302996825196
-0.00254149479239629
-0.00290888424459013
-0.00302408098562523
-0.00283853496263475
-0.00239431807713686
-0.00179338210948288
-0.00116185394638535
-0.000609573502785565
-0.000197880600794065
6.47037978751541e-05
0.000204392058833491
0.000259864352258887
0.000266958677386242
0.000252087239971388
0.000231648034088039
0.000214106510298961
0.00020263235533946
0.000197186711403674
0.000195932159385848
0.000195904403810232
0.000193284277472117
0.00018339774143783
0.000160693680584245
0.000119182441693511
5.36404254347644e-05
-3.75366404625765e-05
-0.000147570844433176
-0.000255351295663786
-0.000322519788653608
-0.000302236013993706
-0.000167904579129186
4.75564032598186e-05
0.000241640041309665
0.000298200353299194
0.000175209846631219
-6.44928555004753e-05
-0.000312172510064102
-0.000494471130707552
-0.000601524385857033
-0.000662703225629002
-0.000712707670658119
-0.000772848451902064
-0.000845129521920285
-0.000909772257529085
-0.000923983112244287
-0.000835825852973926
-0.000638317176893111
-0.000450089965298162
-0.0005060285523939
-0.000978761516279292
-0.00182345250010485
-0.00283556511604388
-0.00377834985521019
-0.00443148850948205
-0.00462241911414196
-0.00429685731440088
-0.00356217277897031
-0.00263429278390959
-0.00173062675301594
-0.000995514781720885
-0.000482414108660123
-0.000173872027886546
-1.60760293965723e-05
5.04263297784746e-05
7.33246796613685e-05
8.39550651221543e-05
9.98090499138016e-05
0.000129141142224398
0.000175054415407772
0.000238037367594757
0.000317268433747131
0.00041099901260111
0.000516409137674145
0.000629230001436554
0.00074343309286462
0.000851202441864984
0.000943667366470891
0.00101239572281031
0.00105112585302436
0.00105666586591724
0.0010287160012723
0.000969552216290026
0.000883837447673841
0.000778860309580409
0.00066445737800791
0.00055248583485934
0.000455624427075918
0.000385519394185962
0.000350752760169826
0.000355104834426356
0.000396804811231277
0.00046893045002605
0.000560934632076737
0.000660765886451031
0.000756944507074309
0.000840172376115333
0.000904126773448866
0.000945504785576645
0.000963551460841927
0.000959332613348352
0.000934924360151967
0.00089278584525232
0.000835426172685061
0.000765321139795105
0.000685113077381061
0.000598293636855374
0.000510125275354767
0.000429062341211761
0.000368405306261366
0.000347655237931122
0.00039228065240593
0.000529742916199893
0.000779593056776662
0.0011378620268232
0.00156253343597257
0.00197374894206348
0.00227937113628229
0.0024178048452228
0.00238869479751713
0.00224727458864038
0.00206902828203681
0.00191376914315811
0.00181036852175964
0.00176111902838727
0.00175384151646085
0.00177232117870574
0.00180207515576569
0.00183242310214382
0.00185641502170597
0.00187008186713911
0.00187148074815013
0.00186003434876625
0.0018359702647075
0.00180006565209112
0.00175351400066859
0.00169794178717098
0.00163543067976946
0.00156856749811141
0.00150042200885991
0.00143437484112496
0.00137396205523999
0.00132246436024275
0.00128264066034944
0.00125630617020533
0.0012441048191647
0.00124529830891618
0.00125785493132469
0.00127873822641789
0.00130444544055308
0.00133162370019591
0.00135761402120238
0.00138072886457508
0.00140030209649922
0.00141644473927727
0.00142971745553666
0.00144081968578291
0.0014503231948737
0.00145857215194667
0.00146569978376476
0.00147163947694651
0.00147625245361382
0.00147933887362228
0.00148073220351819
0.00148031031876883
0.00147799550376249
0.00147374890069329
0.00146755940733101
0.00145943812590588
0.00144939615864814
0.00143741685221244
0.00142351130882901
0.00140768507961297
0.00138993261344922
0.00137028721702848
0.00134878219704149
0.00132547306463948
0.00130031541090148
0.00127307053787717
0.0012429279827586
0.00120796150859803
0.00116424092588829
0.00110466635838691
0.00101765262883191
0.000886402062860725
0.000690014712034781
0.000408822975472845
3.69482222595252e-05
-0.000398242550048167
-0.000820377099586267
-0.00111963771587398
-0.00121881393866374
-0.00113589693206961
-0.000943445321865966
-0.000678695988298728
-0.000353306273126464
-6.32827124036339e-06
0.000307542880051415
0.000555822055048338
0.00073799855115908
0.000872568683973896
0.000982092185353167
0.00108533182441306
0.00119542153953489
0.00132075461678482
0.0014662604463922
0.00163401514541306
0.00182314163765795
0.00202893257750247
0.00224201768261878
0.00244784192915404
0.00262773136583405
0.00276189071612976
0.00283416623503285
0.00283731926842279
0.00277640133106161
0.00266788813263474
0.00253249643478171
0.00238088437853889
0.00219141371715637
0.00188256077393589
0.00129113386648783
0.0001843747376995
-0.00164739333285979
-0.00419151380270932
-0.00699192925779357
-0.00915233444587216
-0.00975906022659956
-0.00849545989112244
-0.00588591397843174
-0.00292669222190511
-0.000478050932173346
0.00108160147505032
0.00181368253748815
0.001983690989249
0.00185559345666775
0.00160369495461055
0.00131312738460565
0.00101187946910386
0.000701394498037189
0.000377375908300337
4.19664303308309e-05
-0.000289979151801845
-0.000589994719746301
-0.000821387402538676
-0.000950595158144552
-0.000961764001772281
-0.000868405347631551
-0.000714361902964811
-0.000561894974993038
-0.00047143400294658
-0.000483324491540316
-0.000609168271381577
-0.000833910718256448
-0.00112418963027494
-0.00143743905667293
-0.00172890590732777
-0.00195615745823829
-0.00208264516743384
-0.00208220107822399
-0.00194867455505232
-0.00172051262126161
-0.00153826951176939
-0.00173703273986803
-0.00287490031780635
-0.00543819433929116
-0.0091243568256516
-0.0123528187678801
-0.0130742972004327
-0.0107897357715103
-0.00712891967680207
-0.00403784783387096
-0.002309474833595
-0.00168783875764689
-0.00160781388203191
-0.00166586744398955
-0.00169292357909967
-0.00166195945894287
-0.00159913193797934
-0.00153773660471757
-0.00150105483598395
-0.00149905643453963
-0.00153117518664203
-0.00159330326710005
-0.00168703939706916
-0.00182779347213113
-0.00204580796747678
-0.00237623254406572
-0.00283769674425116
-0.00340338868198842
-0.0039793612849337
-0.00442087477736663
-0.00461251037364718
-0.00457037740986266
-0.00444816405931192
-0.00440396608070159
-0.00446568337864051
-0.00452773374348681
-0.0044470316318268
-0.00413330480952823
-0.00357953666707544
-0.00284172685383055
-0.00200073291267699
-0.00113098419518565
-0.000285305112868173
0.00050620618807784
0.00122913901279276
0.00187456716815859
0.00242773579017808
0.00285690360257718
0.00310406145231923
0.00308224556988534
0.00268889355226065
0.0018499646259329
0.000603850303093623
-0.000793543009081077
-0.00183586479352016
-0.00199597005590135
-0.00128742572158558
-0.000517219600482122
-0.000461353177882984
-0.00108110187468924
-0.00189311899490008
-0.00253548293471795
-0.00289864798830308
-0.00303251868061238
-0.00303346237018332
-0.00297628588441512
-0.00289398505159966
-0.00278632672490176
-0.00264009925032838
-0.00245081732686003
-0.00223695506562649
-0.00203539407550579
-0.00187772020154853
-0.00176827441578098
-0.00168625113872167
-0.00160592650289004
-0.00151285650673572
-0.00140594202946431
-0.00129146693339521
-0.00117693632617488
-0.00106771258501226
-0.000966537960778169
-0.000874034178366401
-0.000789557308422673
-0.000711941616771128
-0.000640076880387142
-0.000573152636462737
-0.000510824715860281
-0.000453359572105683
-0.000401734201460613
-0.000357469609468808
-0.000322741833258533
-0.000300104385786426
-0.000292144086699864
-0.000300948155285141
-0.000327415872192205
-0.00037123637497416
-0.000432187619026081
-0.000514699394216223
-0.000636246610952185
-0.000836131164305698
-0.00117572618307804
-0.00171838099305432
-0.00248935316804477
-0.00343168826688611
-0.00438037939254343
-0.00507833219920428
-0.00526150234492206
-0.00480560591320511
-0.00383001963477625
-0.00263379318354851
-0.00151144097237932
-0.000629385432660001
-2.78888023785839e-05
0.000329047900038404
0.000515532061484691
0.000615008044491105
0.000691452450851671
0.000772548691685415
0.000854388781945659
0.000918931597482242
0.000949240686054509
0.000936423161235211
0.00088101193007617
0.000792710341812608
0.000690325574481676
0.00060034754945093
0.000551297896222991
0.000563027402478156
0.000635175245733421
0.000743965999916441
0.000853678239209898
0.000935518329470142
0.000978861436351508
0.000988120696376882
0.000973388036840106
0.000944022637838771
0.000907013353312891
0.000867661498205052
0.000830135959972722
0.000797667487617559
0.000772548691685415
0.000756189555417563
0.000749289519319518
0.000751959605693742
0.000763816787596738
0.000784050602220532
0.000811384293086803
0.000844041503356152
0.000879818440324698
0.000916178244381172
0.000950561851453813
0.00098067665099677
0.00100489061516384
0.00102250430344952
0.00103387853833681
0.00104035113857037
0.00104400932343651
0.00104727337912891
0.00105251363180514
0.00106175068737002
0.00107649444913704
0.00109763864664103
0.00112558851128597
0.00116032738972649
0.00120165544181816
0.00124928400957458
0.00130302990619668
0.00136285427387861
0.0014290069128009
0.00150197632109439
0.00158261181937291
0.00167201252843086
0.00177146075586165
0.00188234983156121
0.00200595096089273
0.00214319118008177
0.00229435359599961
0.00245876097260123
0.00263445376624816
0.00281802914336993
0.00300456881596745
0.0031877334105701
0.00336014549517927
0.00351381701513276
0.00364065444458106
0.00373294173350303
0.00378362896569229
0.00378662101674365
0.00373675534959261
0.00362989083235732
0.00346296880060493
0.0032343239197985
0.00294425039903956
0.00259591237394829
0.00219659290756624
0.00175894854237413
0.00130171984302763
0.000849320613838245
0.000429500879306488
6.91890988946398e-05
-0.000210359507590852
-0.000397565314003145
-0.00049194537332653
-0.000502808905622487
-0.000445871117804586
-0.000339417383088403
-0.000201128003141093
-4.61131133278059e-05
0.000113847820060187
0.000270294897575241
0.000417615941827876
0.000552430323708109
0.000673006095297524
0.000778799247314055
0.000870076233283612
0.000947614209323433
0.00101252339845814
0.00106614717054754
0.00110990661106314
0.00114524500993696
0.00117358345264051
0.00119626530903361
0.00121452847778869
0.00122948873304551
0.00124210086660526
0.00125320864796663
0.00126347821094441
0.00127345911593579
0.00128356769657501
0.0012941037130787
0.00130527255670643
0.00131718524976066
0.00132985289447163
0.00134323663303348
0.00135718103422278
0.00137147515566483
0.00138579703268249
0.0013997469849869
0.00141283651444724
0.00142450495843605
0.00143410283648393
0.00144098066812148
0.00144447231953393
0.00144397827028797
0.0014389933689074
0.00142921785517558
0.00141456846236565
0.00139527833731279
0.0013718526314932
0.00134516286998121
0.00131631927580145
0.00128665966769859
0.00125763288671976
0.00123063226276088
0.00120692900118513
0.00118750564936931
0.00117295062551648
0.00116345266754081
0.00115876752637689
0.00115827902824606
0.00116112675030422
0.00116626708290823
0.00117265086529983
0.00117928444787196
0.00118530740778056
0.00119006471344107
0.00119307896895293
0.00119403376075411
0.00119274035093042
0.00118910437052477
0.00118303145058007
0.00117445497771484
0.00116324727628125
0.00114926956840122
0.0011323164628152
0.00111216591491825
0.00108859588010546
0.00106133990485091
0.00103015374008919
0.000994732074488525
0.000954697432220541
0.000909528008463667
0.000858463300446033
0.000800415289603507
0.000733885174852844
0.000656869003634597
0.000566796609646758
0.000460587123995992
0.000334793304190839
0.000185945703279344
1.11854969730985e-05
-0.000190686355594494
-0.00041760483959763
-0.000662020438468858
-0.000908395580978549
-0.00113115072863934
-0.001294703233512
-0.00135790823030391
-0.00128404509247559
-0.00105462860666705
-0.000680500100713743
-0.000202438066310151
0.000321259685520658
0.000833377811204628
0.001291727835806
0.00167274527562711
0.00196718197287282
0.00217418860692931
0.00229787300298767
0.00234678942945266
0.00233453256726079
0.00227912133610175
0.00220043427923144
0.00211647366299417
0.00204016803451168
0.00197808991408976
0.00193128291137157
0.00189721571786095
0.00187188597955412
0.00185118587125999
0.00183168480383245
0.00181066828197629
0.00178592696187252
0.0017554846465373
0.00171728187225995
0.00166910929522146
0.0016087242649121
0.00153415613546315
0.00144428358161974
0.00133946742586488
0.00122206134101077
0.00109650621915591
0.000968897184705497
0.000846012149224862
0.000734279304026586
0.000639105435240594
0.000564825963778048
0.000514804865403562
0.000491107154942938
0.000493527441136621
0.000518718401565366
0.00056014082261413
0.000609345907065517
0.000657784937629913
0.000698480162597548
0.000726940729833814
0.000741245953506109
0.000741662287140343
0.000729866167503701
0.000708288983020111
0.000679561962257935
0.000646133146986472
0.000610106409837385
0.000573063818620767
0.000536126698591488
0.000499833507916492
0.000464112082099177
0.000428229673943292
0.000390781851322686
0.00034983682617451
0.000303607139429118
0.000251826337560601
0.000198674410256672
0.000157596158345541
0.000158384416693025
0.000253735921162956
0.000516481302170746
0.00100586206031039
0.00168197678007687
0.00231025754082737
0.00253070897571206
0.00218640106020018
0.00153736468000432
0.00100714991901896
0.000837063751646383
0.00104179442850239
0.00153930201918229
0.00224545382287999
0.00309148262545023
0.0040020931013629
0.00487321849540479
0.00557277557433622
0.00596790394880031
0.00596088178816956
0.00550921530617643
0.0046209647219797
0.00333666427820845
0.0017158774401338
-0.000161032298606756
-0.00217479922959285
-0.00414044909469169
-0.00580069325906152
-0.00689049928226382
-0.00727035098790907
-0.00701323443763613
-0.00634926555775905
-0.0055292992406919
-0.00472718530986072
-0.00401981781195104
-0.00341390249403162
-0.00288306045703735
-0.0023968715900935
-0.00193677296422834
-0.00150039980439942
-0.00109833253603142
-0.000747402140177655
-0.000464506211272919
-0.000263800092881183
-0.000157662771727018
-0.000159960933387993
-0.000288780110935249
-0.000564048807660811
-0.000994015980637641
-0.00154479762315418
-0.0020990542637378
-0.00244314568575987
-0.00235789165969891
-0.00183831838640458
-0.00123243637517589
-0.000967359525816391
-0.00111883835529625
-0.00145893297442967
-0.00178319581323194
-0.00202227123935472
-0.00217976747762805
-0.00227530216889704
-0.00232834862501363
-0.0023582247266063
-0.00238474795466459
-0.0024273805188102
-0.0025052515617574
-0.0026385449380939
-0.00285000911759425
-0.0031620484008954
-0.00358248986032095
-0.00406948919007277
-0.00447165637851299
-0.00447789583191138
-0.00373819863952463
-0.00246308529128214
-0.00204392058833491
-0.00356282781055484
-0.00573050495944472
-0.00660846932731829
-0.00557357493491395
-0.00317804671468025
-0.000509636777223932
0.00149618095690585
0.00253238541247924
0.00281805689894554
0.00271066502577355
0.00246778153467631
0.00221794804744491
0.00201411110012373
0.00187778681493
0.00180498949120533
0.00174260605945165
0.00158721924492511
0.00126099131136925
0.000798883181829524
0.000315780734894133
-9.7488683792335e-05
-0.000415889545024584
-0.000655464571508446
-0.000841537950435622
-0.000993860549414194
-0.00112390097228854
-0.00123676624497193
-0.00133348887487728
-0.00141285871890773
-0.00147248879756035
-0.00150932599751741
-0.00151987311625135
-0.00150004453303154
-0.00144494416431939
-0.0013480883076511
-0.00120001786285684
-0.000986544179681914
-0.000687883083827501
-0.000283983947468869
0.000225308660617429
0.000778010988966571
0.00119765308781439
0.00117631460128109
0.000369559938206976
-0.00125989219057487
-0.00278691514310481
-0.00253697063357095
-8.53317416726895e-05
0.00322222248883008
0.0058020810378423
0.00667556010469639
0.00546990230887445
0.00245482523197893
-0.00138175026975773
-0.004645639428702
-0.0062439720061036
-0.00597508709176964
-0.00446861436742552
-0.00259680055236799
-0.000987165904575704
6.83120227051859e-05
0.000488142859467189
0.000279332112995689
-0.000522371035316382
-0.00187965198961138
-0.00377551323538228
-0.00621270812573016
-0.00910540531862125
-0.0119030119094532
-0.0130078614546392
-0.0103376307514225
-0.00477192729775311
-0.00121470611347263
-0.00114487308522371
-0.00193219884536688
-0.00229307683952129
-0.00224853469177333
-0.00199524841093535
-0.00166918701083318
-0.00134223743231132
-0.00102976516203057
-0.000702238267535904
-0.000306088487889156
0.000193511873192165
0.000733302307764916
0.00107059916487628
0.000828748181191941
-0.000267497135553185
-0.00238307151789741
-0.00581037440383625
-0.0093941854295565
-0.0104520947452613
-0.00876616557121679
-0.00619994056094697
-0.00413217238204311
-0.0029073188301254
-0.00234424701872626
-0.00216636708572082
-0.0021545765171993
-0.00215661932756461
-0.00206755723652918
-0.00182599491083124
-0.00143243195083187
-0.000978561676134859
-0.000663458177285747
-0.00076092465661759
-0.00149904533230938
-0.00284833268082707
-0.00431867874794989
-0.00500582908458114
-0.00409154932157207
-0.00154996016021869
0.00168854930038265
0.00439822622766428
0.00578542769247292
0.00564935875857486
0.0041955883212097
0.00187005966267861
-0.000751687601052708
-0.00312015968617629
-0.00487420104278158
-0.00589103210657527
-0.00622100149172411
-0.00600246519155689
-0.00541738875980968
-0.0046696202460339
-0.00394643207002332
-0.00336632943742643
-0.00295484747780961
-0.00266777711033228
-0.00243902675833851
-0.00221740403816284
-0.00197905025700607
-0.00172187819558189
-0.00145414236207841
-0.00118489107414632
-0.000918876086331011
-0.000655825393991449
-0.000392852417263612
-0.000129762867118188
0.000123945298469152
0.000341432437878098
0.000474231764968636
0.000456834570172759
0.000225397478459399
-0.00025008328741194
-0.000932132149245035
-0.00170103375829456
-0.00237438402272971
-0.00276038081281627
-0.00273111533388715
-0.00228372876165395
-0.00154197765667163
-0.000690775214806649
0.000104710684567522
0.000744815320530279
0.00119818044375108
0.00148066559013671
0.00163039581835278
0.0016892820475789
0.00169299574359627
0.00166769376086506
0.00163036806277717
0.00159088853202149
0.00155415125213665
0.00152196033553764
0.00149429912887911
0.00147022949370523
0.00144839140681086
0.00142724720930687
0.0014052425889588
0.00138085098910778
0.00135259026201595
0.00131896160660006
0.00127844956843148
0.00122949428416064
0.0011704359703657
0.00109957043470388
0.00101513242256601
0.00091541219049418
0.000798966448556371
0.000664829302721159
0.00051297299741293
0.000344863027024189
0.000163985491852259
-2.34479102800833e-05
-0.000208094652620616
-0.000377436970566691
-0.000516242604220452
-0.000607919270478874
-0.000636463104441987
-0.000588895598951922
-0.000457572868484135
-0.000241889841490206
5.1281201507436e-05
0.00040822900615467
0.000810435052400749
0.00123703269849784
0.00166742730733915
0.00208338346574521
0.00247021847421536
0.00281736856067027
0.00311808356912024
0.00336888295038307
0.00356882856600294
0.00371883634997516
0.00382116560615486
0.00387910814581005
0.00389678844747721
0.00387908039023444
0.00383147402693851
0.00375989794854092
0.0036703806660654
0.0035687730548517
0.00346030426534583
0.00334938743407065
0.0032395086613235
0.00313323256229125
0.00303236880050406
0.00293815527463437
0.00285145240752627
0.00277279310623157
0.00270247157985182
0.00264053223730798
0.00258675858511026
0.00254073984073955
0.00250185427930205
0.00246935805137127
0.00244246289859973
0.00242035280706432
0.00240228392733854
0.00238759012560763
0.00237571073924414
0.00236619057680798
0.0023586577135859
0.00235285679828223
0.00234857133740718
0.00234567365531291
0.00234403607635159
0.002343558680451
0.00234415820088429
0.00234572916646414
0.00234818275934856
0.00235140240611997
0.00235526598224567
0.00235965691430806
0.00236443087331395
0.00236947128584575
0.00237465047625562
0.00237983521778062
0.00238490893700316
0.00238974950939053
0.00239422370817977
0.00239818720437768
0.00240147346453057
0.00240387154626376
0.00240514275162695
0.00240498732040351
0.00240304998122554
0.0023989366049193
0.00239221975562032
0.00238246089523386
0.00236925479235595
0.0023522961356548
0.00233142394279184
0.00230674368495443
0.00227864394020116
0.00224791296687954
0.00221573315251078
0.00218368101378985
0.00215363282762837
0.00212760919993116
0.00210754746987618
0.00209502415415841
0.00209106620907562
0.00209591233257811
0.00210908512876529
0.00212945217015204
0.00215547024673413
0.00218544071728388
0.00221769824726437
0.00225072738224696
0.00228319585460213
0.00231398233907498
0.00234217090167022
0.00236707875522768
0.00238824515719216
0.00240547026741922
0.00241877073925423
0.00242832975949625
0.00243444153724681
0.00243747799721916
0.00243777220632069
0.00243560727142267
0.00243117748155441
0.00242458275678814
0.0024158841593902
0.00240510389382109
0.00239229747123204
0.00237758701615576
0.00236122787988791
0.00234359753825686
0.00232519004050857
0.0023065216403495
0.00228800867141388
0.00226973440042855
0.00225116592034169
0.00223089324791204
0.00220633511460733
0.00217367790433798
0.00212820872036446
0.00206507033695402
0.00198063232481616
0.00187420634567559
0.00174956160670092
0.00161545776755645
0.00148478451755807
0.00137230782293329
0.00129185551145383
0.00125388588401165
0.00126431087821288
0.00132453492618367
0.00143245415529236
0.00158360546897995
0.00177206582741007
0.00199085747887295
0.002231748119641
0.00248477904918332
0.00273769340530805
0.00297576963070867
0.0031824265445124
0.00334111072142207
0.0034384772806817
0.00346804807094259
0.00343296502336443
0.00334598460050017
0.00322629700733046
0.00309426928524204
0.00296648261510768
0.00285307888425734
0.00275788836212598
0.00268043920392813
0.00261844435023306
0.00256964449718566
0.00253286280837983
0.00250797715928286
0.00249533171903238
0.00249454346068489
0.00250313103578037
0.00251528797790002
0.00252162735137063
0.00251054732558487
0.00247153408849954
0.00239924191625107
0.00229613550395413
0.00217181272965661
0.00203913552709878
0.00190969462465773
0.0017907952898355
0.00168490221774675
0.00159088853202149
0.00150585099945033
0.00142657552437697
0.00135050859384478
0.00127610699784952
0.00120273235815205
0.00113035136806161
0.00105896957869334
0.000988026327419789
0.000915656439559598
0.000837957481181206
0.000748179296294893
0.00063584693066332
0.000486305440361434
0.000283001400092076
1.65645275274073e-05
-0.000298533420206581
-0.000611632966496245
-0.000847721892682785
-0.000943750633197737
-0.000881184014644987
-0.00069004801872552
-0.000427946567072013
-0.000153710377759353
9.01834162903015e-05
0.000282396328543655
0.00041927572524969
0.000508260100673397
0.000561861668302299
0.000593347593280669
0.000613797901394264
0.000629840624100098
0.000643163300395599
0.000653965770425202
0.000669153621402074
0.000710398406766899
0.000812949707551525
0.00101390007500868
0.00133959510151271
0.00180266912508387
0.00240757414005088
0.00315584225418775
0.0040460190753322
0.00506987785087176
0.00616311446322015
0.00701002589309496
0.0068590022550552
0.00489198681563607
0.00115235598840968
-0.00305475644779563
-0.00611395378768975
-0.00739162064888887
-0.007334233220746
-0.0066869398906988
-0.00595724580776391
-0.00535907984655637
-0.00493480811769587
-0.00465960603435178
-0.00449434933713633
-0.00440601999329715
-0.00437248015572322
-0.00438109548639432
-0.00442537118061637
-0.00450124382211925
-0.00460484983477727
-0.00473272532275359
-0.00488601381576359
-0.00508060260528964
-0.00536295452491231
-0.00582220938127875
-0.0065663696702245
-0.00761376517388612
-0.00876307915120833
-0.00982418590922407
-0.0112251097306171
-0.0135669031564589
-0.016712164985222
-0.0194092075744834
-0.018407675383969
-0.0120622067889542
-0.00570283820167106
-0.00530868682346863
-0.00847704129114391
-0.00940677535865575
-0.00813353828732488
-0.00682292000675488
-0.00613723516451614
-0.0059389049233971
-0.00602308203312418
-0.00625733909132009
-0.00655840937113794
-0.00686856127529722
-0.00714746040131331
-0.007370526411421
-0.00752796713854309
-0.00762241381124795
-0.00766413599251337
-0.00766500196647257
-0.0076350037403472
-0.00758729745697906
-0.00754780682399314
-0.00754610818276547
-0.00757680584939635
-0.00757526263939212
-0.00743274330972099
-0.00701179114770412
-0.00621547258106148
-0.00522539789216125
-0.00455466775406421
-0.00436134461878623
-0.00404107858287261
-0.00290339974284848
-0.000582078829580723
0.00284487988722049
0.00623957552292609
0.00763247243185106
0.00636211083815397
0.00380464548754844
0.00144236844690226
-0.000235733654818659
-0.00131080701848418
-0.00196213045811078
-0.00234002817123269
-0.00256326071479407
-0.0027167490479485
-0.00284269274786197
-0.0029446667326738
-0.0030070057555065
-0.00301645375344606
-0.00297409874505661
-0.00289638313333285
-0.00280951928388617
-0.00274144040801616
-0.00271277444952034
-0.00272742939344539
-0.00276677569743811
-0.00279390954815995
-0.00277180500773966
-0.00268342015274925
-0.0025369595313407
-0.00235382824342878
-0.00215319984064877
-0.00194405602726988
-0.00172589720293104
-0.00149297241236468
-0.00123738796986572
-0.000949085254831061
-0.000611399819661074
-0.00019240165016754
0.000364730468049856
0.00113647979915754
0.00216590079205048
0.00333948424469099
0.00427945456848988
0.00444780878794404
0.00347967210601041
0.0014378165325013
-0.0012310930053161
-0.00395705690436898
-0.00629322149947598
-0.00794299070960847
-0.0086827545153767
-0.00844008196665413
-0.00743599626318314
-0.00609136074913863
-0.00476874095767243
-0.0036424641081112
-0.00274241740427783
-0.00204057881703079
-0.00150158774303577
-0.00109596776098897
-0.000798394683698689
-0.000584943204984256
-0.000432875957301349
-0.000322242232897452
-0.000237188046980918
-0.000166699987147467
-0.000104383168775257
-4.7795101210113e-05
2.8643754035329e-06
4.5763393075049e-05
7.89701637415874e-05
0.000101685326825418
0.0001153632744888
0.00012445600106048
0.000136501920877663
0.000161137769794095
0.000208105754850862
0.000284289258800641
0.000390920629200764
0.000522160092941704
0.000666006139127262
0.000807831579408003
0.000934630151050442
0.00103814179475137
0.00111570197525168
0.00116912035608152
0.00120278786930328
0.00122201693208979
0.00123187571254846
0.00123664967155435
0.00123964172260571
0.00124320553851476
0.00124892318709158
0.00125774390902222
0.00127021171358876
0.00128654864539612
0.00130673249998381
0.00133045796602005
0.00135708111415056
0.00138548061912047
0.00141390232855088
0.00143994260959346
0.00146058720673636
0.00147255541094182
0.00147282186446773
0.00145947143259662
0.0014324152974865
0.0013939127629925
0.00134854905020632
0.00130249699914486
0.0012623957434954
0.00123414056751869
0.0012219725231688
0.00122813426095547
0.00125311427900954
0.0012962408924011
0.00135634836695431
0.00143230427518404
0.00152328150093695
0.00162860835928313
0.00174743552960877
0.00187839188647843
0.00201918481934626
0.00216658913032575
0.00231654140314674
0.00246452858121415
0.00260599319901189
0.00273677192019761
0.00285339252225469
0.00295325985888439
0.00303471137108602
0.00309696990274233
0.00314006598500782
0.00316469350724446
0.00317213200150945
0.00316408010903046
0.00314258341570905
0.00310990122542876
0.00306841496654897
0.00302050051637082
0.00296846158764197
0.00291440205302251
0.00286020096496031
0.00280740986013939
0.0027572583105524
0.00271062339240302
0.0026680352371784
0.00262971866504813
0.00259564036930726
0.00256553112087943
0.00253899123947576
0.00251551002250494
0.00249457121626051
0.00247567244481672
0.00245838627232331
0.00244236852964264
0.00242738884547578
0.00241330289085795
0.00240005237905905
0.0023876206567337
0.00237604380615153
0.00236535790953951
0.00235559904915306
0.00234678665388799
0.00233893737710389
0.00233202901434026
0.00232603103444262
0.00232090735518398
0.00231658858761818
0.00231302199615868
0.00231014374296024
0.00230788166355467
0.00230617747121187
0.00230497010366548
0.00230421515200874
0.00230385432952573
0.00230385432952573
0.00230417351865242
0.0023047813657513
0.00230565566639029
0.00230676311385025
0.0023080815036991
0.00230958585589747
0.00231125396598486
0.00231304420061917
0.00231493157976104
0.00231687447005413
0.00231883123812793
0.00232075192396053
0.00232258934306628
0.00232429075985863
0.00232581731651749
0.0023271162774563
0.0023281626626499
0.00232892038987131
0.00232937003019629
0.00232951435918949
0.00232934227462067
0.00232885932760496
0.00232808772260285
0.00232703856184457
0.00232573404979064
0.00232418806422174
0.00232242003406213
0.00232044106151363
0.00231827335106516
0.00231591967825295
0.00231339669642239
0.00231070163003722
0.00230784003018414
0.00230483410135207
0.00230167551684701
0.00229838648112946
0.00229496144309849
0.00229141983164993
0.00228776164678379
0.00228399799073031
0.00228014551683486
0.00227620422509744
0.0022721852177483
0.00226809404590256
0.00226393626067534
0.00225971186206664
0.00225542640119158
0.0022510715513846
0.00224665841486171
0.0022421675627271
0.00223758511718586
0.00223289164935636
0.00222808715921019
0.00222313278896991
0.00221802021194151
0.0022127272236645
0.00220723439525727
0.0022015278489107
0.00219560480907433
0.00218945694906836
0.00218308149335655
0.00217650342193565
0.00216975049038126
0.00216286433207813
0.00215590323371373
0.00214894491089979
0.00214208095705715
0.00213541684334473
0.00212907746987412
0.00212318773672848
0.00211788364623544
0.00211331507848911
0.00210960415802219
0.00210686745826649
0.0021052132259598
0.00210472750339363
0.00210546580170501
0.00210748640760983
0.00211083928114419
0.00211559103568959
0.00212186379577872
0.00212989070824676
0.00214005480003721
0.00215295559158335
0.00216949791465026
0.00219088636121967
0.00221867524352604
0.00225459650948778
0.00230038210702332
0.00235727548592024
0.00242540432182636
0.00250299225790229
0.0025855428908983
0.00266530131298737
0.00273114308946276
0.00276931255704937
0.00276486611383575
0.00270389266532334
0.00257614485299484
0.00237768138511285
0.00211301531827246
0.00179604109362685
0.00144896317166854
0.00109882658527738
0.000772210073662905
0.000489830398464619
0.000263411514822565
9.59177182124904e-05
-1.53488333154428e-05
-7.49733608529368e-05
-8.69249117130266e-05
-5.42677014436777e-05
1.96120897300034e-05
0.000129418697980554
0.000266980881846735
0.000421407353456971
0.000580197001553984
0.000730959737182957
0.000863248361682167
0.000969885283197414
0.00104752317930945
0.00109633968570222
0.00111913256439777
0.00112020392961654
0.00110435549594001
0.00107607811550281
0.00103911323989792
0.000996253080032261
0.000949329503896479
0.000899308405521992
0.000846389625053234
0.000790140175510601
0.000729516447250944
0.00066285865685245
0.000587752069236558
0.000500927077595748
0.00039787617645004
0.00027244317912789
0.000116334719635347
-8.1379347705024e-05
-0.000333771899008184
-0.000653732623590031
-0.0010483280910023
-0.00151039181162105
-0.00201157979162758
-0.00250371945398342
-0.00293455260091946
-0.00327308180558816
-0.00352780027412791
-0.00374088537924422
-0.00396265242841309
-0.00422833990043614
-0.00455231408125201
-0.00493276530733056
-0.00534542410335348
-0.0057064242220406
-0.00581447112679712
-0.00538495914526038
-0.00442048619930802
-0.00378246323151643
-0.00466027216816656
-0.00685390633137217
-0.00882308670568932
-0.00946398515111468
-0.00889104345702663
-0.00793257681763748
-0.0073380745924112
-0.00712995218421497
-0.00712000458591433
-0.00736952721069883
-0.00807011124592805
-0.00925960419451144
-0.0104405595280355
-0.0106236242025659
-0.00925166609988537
-0.00701667612901247
-0.00513489251119381
-0.00421298551600557
-0.00414765999323663
-0.00454756232670661
-0.00506875652561689
-0.00553250778523307
-0.0059026339371826
-0.00622247808834686
-0.00655990817222118
-0.00697315538644716
-0.00750087769674224
-0.00818171086436337
-0.0090895513338296
-0.0103032915532708
-0.0116958887019791
-0.0126161303626304
-0.0118926979375544
-0.0087751694799465
-0.00443223235890855
-0.00138671296667781
-0.000589428506003742
-0.000927402599160132
-0.00133588695661047
-0.00156672452789053
-0.00169874114774871
-0.00180545578487568
-0.00191298088481062
-0.00202731165188652
-0.00215101270129026
-0.00228588259432172
-0.00243145503731057
-0.00258365551175643
-0.00273557843044614
-0.0028796409701215
-0.00301131342084204
-0.00313630232895434
-0.00328307381280979
-0.00351895179662165
-0.00394948518334104
-0.00464853711079627
-0.00548777689957092
-0.00603763705697702
-0.00591401372318501
-0.00527360377589048
-0.00449356107878884
-0.0037348568682205
-0.00308744141364059
-0.00260178545374856
-0.00224413820859581
-0.00194860794167084
-0.00167034164277879
-0.00139448452785018
-0.0011229794871781
-0.000861999360779464
-0.000616084960824992
-0.000387356813291717
-0.000177025061276481
1.27897692436818e-05
0.000177491354946824
0.00030908053894052
0.000396394028712166
0.000427630153509995
0.000396016552883793
0.00030721536425915
0.000183103532336304
5.71209746169643e-05
-3.74811293113453e-05
-7.89035503601099e-05
-6.11455330812305e-05
8.54871728961371e-06
0.000115485399021509
0.000243050024550939
0.000376410014268913
0.000504263297784746
0.000619293505366159
0.000717775838765533
0.000798755506181692
0.000863220606106552
0.000913219500020546
0.000951277945304696
0.000979932801570271
0.00100143782155726
0.0010176748332924
0.00103007602447747
0.00103969610698584
0.00104720676574743
0.00105302988551159
0.00105732089750177
0.00106006314837259
0.00106108455355525
0.00106012421063895
0.0010568490527163
0.00105088715507407
0.00104185549076874
0.00102942654400806
0.00101336716795686
0.000993577442542914
0.000970118430032585
0.000943284339527395
0.000913541464697687
0.000881589246048975
0.000848277004195097
0.0008145761842826
0.000781541498184879
0.000750183248854341
0.000721511739243397
0.000696387392196129
0.000675565159369285
0.000659622356735667
0.00064895311346902
0.000643729514138158
0.000643951558743083
0.000649408304909116
0.000659716725692761
0.000674327260696828
0.000692601531682158
0.000713812342567621
0.000737238048387212
0.00076216810640517
0.000787947485036966
0.000814026623885411
0.000839933678165039
0.000865318927623093
0.000889938123194156
0.000913624731424534
0.000936289934472256
0.000957900425646585
0.000978483960523135
0.000998079396907769
0.00101677000152733
0.00103461128553306
0.00105169206676692
0.00106809006084063
0.00108388298336592
0.0010991207943789
0.00111386455614593
0.00112812537089724
0.00114196430089919
0.00115540355061228
0.00116843479335671
0.00118109133583744
0.0011933481980293
0.00120520260438184
0.00121664900376572
0.00122766796728513
0.00123823451491489
0.00124834864666923
0.00125798815808764
0.00126715582470638
0.00127584331987407
0.0012840589702563
0.00129181110253285
0.00129912469670046
0.00130602473279851
0.0013125389664026
0.00131871180641951
0.00132458766177024
0.00133021094138996
0.00133562605419968
0.00134088573577174
0.00134602606837575
0.00135109146093271
0.00135612077123426
0.00136113897930557
0.00136617939183736
0.00137124755994478
0.00137636013697318
0.00138152267403768
0.00138673239557363
0.00139198652604478
0.00139726563652687
0.00140256972701991
0.00140787381752716
0.0014131640302395
0.00141842371181156
0.00142363620891217
0.00142877931708085
0.00143384193407314
0.00143880740654367
0.00144365908116129
0.00144838863124619
0.00145298495456814
0.00145743417334643
0.00146173628756685
0.0014658774194487
0.00146985756899198
0.00147367118508157
0.00147731271660234
0.00148078771466942
0.00148408785260301
0.00148721868153245
0.00149018575257287
0.00149298351459493
0.00149562029427841
0.00149809886717378
0.00150042478441037
0.00150259804598818
0.00150462697855858
0.00150651158214998
0.00150825185673398
0.00150986168011968
0.00151132995007686
0.00151266499325686
0.001513861258573
0.0015149159704464
0.00151582912887704
0.00151658685609846
0.00151718915208221
0.00151762213906181
0.00151787749035748
0.0015179413281885
0.0015177969991953
0.00151743062559717
0.00151682832959921
0.00151597345787025
0.00151484658150025
0.0015134421493741
0.00151173240591618
0.0015097090244609
0.0015073692294294
0.00150470191861984
0.00150170154088869
0.00149837364737948
0.00149472378917892
0.00149076306854568
0.00148650536324624
0.00148198675553601
0.00147722944987549
0.00147226952850588
0.00146715140036235
0.00146192224991637
0.00145663758831915
0.00145134737560682
0.00144611822516083
0.0014410084236971
0.00143609013569801
0.00143141887231479
0.00142706679805826
0.00142309775074523
0.00141956724152692
0.00141652800600411
0.00141402722863404
0.00141210376725098
0.00141078260185168
0.00141006928355125
0.00140995826124879
0.00141043843271405
0.00141147094012695
0.00141300027233626
0.00141497924488476
0.00141732459101718
0.00141996137070066
0.00142281464387395
0.00142579281714461
0.00142882095043717
0.00143182410371878
0.00143473566360797
0.00143749179225949
0.0014400480807808
0.0014423656713376
0.00144440848170291
0.00144616540964648
0.00144761702624407
0.00144876888263923
0.00144961820325307
0.00145017609031584
0.00145045642163666
0.00145046752386691
0.00145023437703173
0.00144977085891185
0.0014490880717517
0.00144820266889667
0.00144713130367791
0.00144587397609541
0.00144444178839365
0.00144283474057261
0.00144105560816854
0.00143909051341495
0.00143693668074718
0.00143457745681985
0.00143200451496739
0.00142919842626554
0.0014261397618327
0.00142281464387395
0.00141919809237834
0.00141528455621653
0.00141105460649271
0.00140650546764221
0.0014016315885641
0.00139643852037352
0.0013909373652865
0.00138515587887866
0.00137913291897007
0.00137290456780192
0.00136654021432037
0.001360103696328
0.00135368105613054
0.00134736943823555
0.0013412715382799
0.0013355011541023
0.00133016930803365
0.00132539812457821
0.00132130140161735
0.00131798461033839
0.00131554767079933
0.00131407107417658
0.00131361865828694
0.00131422650540003
0.00131590849328234
0.00131865074415316
0.00132241995132176
0.00132713839917642
0.00133272837210541
0.00133906774557602
0.00134602606837575
0.00135346178709028
0.00136122224603241
0.00136914923842824
0.00137709843528455
0.00138491162981325
0.0013924389419202
0.0013995526959576
0.00140613909404408
0.00141210376725098
0.00141737455105329
0.00142189315876351
0.00142562350812625
0.0014285517213608
0.00143066947177317
0.00143200173940272
0.00143257072870995
0.0014324152974865
0.00143158263021803
0.00143013101360623
0.00142811318326608
0.00142558742588506
0.00142262035484464
0.00141926193019515
0.00141557043863827
0.0014116041668899
0.00140740752385682
0.00140302214290955
0.00139848965740441
0.00139384337404636
0.00138911382396145
0.00138432321161019
0.0013794854147875
0.00137462541349009
0.00136974598329687
0.00136485267532294
0.00135994271398943
0.00135501609932476
0.00135006728018539
0.00134509070548461
0.00134006694629818
0.00133497934928073
0.00132980570998598
0.00132452937506855
0.00131912814005375
0.00131356869825083
0.00130782884521352
0.00130186417202083
0.00129564969863338
0.00128914379170908
0.00128230759344206
0.00127509669489712
0.00126746668715327
0.00125937593686842
0.00125078281065782
0.00124164845071562
0.00123192567258457
0.00122158394511018
0.0012105844104866
0.00119890763983221
0.00118652865310764
0.00117344745031289
0.00115966403146217
0.00114520060101597
0.00113009046565082
0.00111439468763308
0.00109819930926847
0.00108161812839569
0.00106480935180286
0.00104799779964537
0.00103145547657846
0.00101554875620025
0.00100072450325683
0.000987515624828461
0.00097648555907881
0.00096818386640507
0.000962988022649824
0.000960942436734058
0.000961525303821986
0.000963515378586521
0.000964936464058042
0.000963285007316017
0.000956024148734969
0.000941222100252048
0.000918207176951569
0.000887895312828846
0.00085264295623233
0.000815680856192103
0.000780328579523371
0.000749278417089272
0.000724223458973938
0.000705738245613929
0.000693517465677473
0.000686689594076029
0.000684119427774021
0.000684691192631703
0.000687466750193266
0.000691707802147334
0.000696914748132826
0.000702726765666739
0.000708844094532424
0.000714939218937616
0.000720618009708573
0.000725325355332984
0.000728433979801935
0.000729311055991388
0.000727434779079772
0.000722516491080682
0.00071457284533949
0.000703920255418211
0.00069111383282916
0.000676769751351003
0.000661520838107776
0.00064581118230933
0.000629907237481575
0.000613842310315249
0.000597483174047397
0.00058056337515211
0.000562727642261507
0.000543637357353077
0.000522931697943818
0.000500338659392696
0.000475619543749417
0.00044863002202078
0.00041927572524969
0.00038754000009078
0.000353456153234788
0.00031712410475393
0.000278688183641407
0.000238326025581159
0.000196259675178112
0.000152722279267437
0.000107930331338935
6.20503648463e-05
1.51656465163796e-05
-3.29070104498896e-05
-8.26394508379735e-05
-0.000135114142096882
-0.000192246218944092
-0.000257105448042694
-0.000334293703829758
-0.000430089297509539
-0.000552247136909045
-0.000708905156798778
-0.000906208441620038
-0.00114454556943144
-0.00141415767984654
-0.00169262381888302
-0.00194774751882676
-0.00214712136958894
-0.00227028951194086
-0.00231536456674064
-0.00229808394536235
-0.00224725238417989
-0.00219684825886191
-0.00217414974912344
-0.00219009255175706
-0.00223913110275475
-0.00230775398790684
-0.00238093988969013
-0.00243552955581094
-0.00243649544984237
-0.00235915731394698
-0.00220969909037194
-0.00201747507588834
-0.00181238357654934
-0.00160863544707013
-0.00140971678774804
-0.00122314380845978
-0.00106380459996558
-0.000945765687987432
-0.000875532979449645
-0.000851907433485621
-0.000869482263965438
-0.000921884790727745
-0.00100373043210311
-0.0011111223052751
-0.00124178445304324
-0.00139438460777797
-0.0015673906617053
-0.00175713887884399
-0.00195509164413465
-0.00214539497278565
-0.00230565566639029
-0.00241473507855972
-0.00246792586366951
-0.00248990827955708
-0.00252813325829493
-0.00262366794956392
-0.00278514988849565
-0.00299216207366726
-0.00321804805025749
-0.00344592132606181
-0.00366870978041334
-0.00388190590783211
-0.00407597289253658
-0.00423211465871987
-0.0043282821771129
-0.00436396474512435
-0.0043823389361819
-0.00442879066753221
-0.00446795933584099
-0.0043965497908971
-0.00414416279070906
-0.00371463970694208
-0.00314626102948523
-0.00246337394926854
-0.00165337743496252
-0.000660327348356304
0.00061712857046814
0.00231776819958895
0.0045616510568891
0.00727967686131592
0.00994637705531431
0.0115221165941648
0.0109968478767541
0.00822660828347921
0.00415446566037758
0.000148014933643026
-0.00287102563945041
-0.00474219552515365
-0.00577633496590124
-0.00635577146468336
-0.00673952005314504
-0.00703915814526113
-0.00725504101239949
-0.00732991445318021
-0.00721765980316036
-0.00694444501903035
-0.00661305454840999
-0.00634201580140825
-0.00619824191971929
-0.00617319528828375
-0.00619588824690709
-0.00616049433688204
-0.00597336624608147
-0.005630429456005
-0.0052548854156953
-0.00499271735066031
-0.00486944928823618
-0.00480487871712398
-0.00471875871710381
-0.00458115767543177
-0.00440903979992413
-0.00424973389812067
-0.00416490175680906
-0.00420835588599289
-0.00438600267216316
-0.00464186467041827
-0.00479224437910375
-0.00405276923132192
-0.00278861378433248
-0.00383774123591252
-0.00663157306846074
-0.00822967249902717
-0.00833451085924253
-0.00789769361020376
-0.00749550421730305
-0.00731540383824836
-0.00737557792618304
-0.00754860618457087
-0.00754354356757858
-0.00710587144681085
-0.00629715168898315
-0.00539309708003088
-0.00460448346117914
-0.00398867605611031
-0.00351016993249686
-0.0031125990673786
-0.00275639511215786
-0.00242800224370399
-0.00213108419799823
-0.00187183601951801
-0.00165093494430835
-0.00146421763602689
-0.00130672139775356
-0.00117617027228789
-0.00107547304395439
-0.00101495478688207
-0.00101406660846237
-0.00110143005827013
-0.00131072930287246
-0.00166946456658934
-0.00217920126388549
-0.00279356537902231
-0.00341027206474109
-0.00389939192046995
-0.0041664005578923
-0.00420381507382217
-0.00408476585889161
-0.00392181287445226
-0.00383154064031999
-0.00390136811745379
-0.00416281453752276
-0.0045869252840447
-0.00508690867206951
-0.00550542944566246
-0.00559715607195699
-0.00506387709542366
-0.00370792840875822
-0.00166019420433372
0.000552163870182198
0.00230204189044514
0.00330199756426452
0.00369743680117551
0.00376731423834542
0.00367214592067455
0.00345240502852562
0.0031131763833514
0.00266043298502439
0.00209580686139077
0.00140973899220853
0.000589173154708078
-0.000362476715309867
-0.00140016331862114
-0.00241649478205375
-0.00324281712593688
-0.00369511088393892
-0.00366923713635003
-0.00323182591799309
-0.00260427235332372
-0.00201442196257062
-0.00155758184128274
-0.00120371490552884
-0.00089331875230414
-0.000597277782787842
-0.000317218473711023
-6.5891736511503e-05
0.000146344047990965
0.000315697468167286
0.000443955983087108
0.000536198863088089
0.000598793237216455
0.000638133990094047
0.000659944321412809
0.000669081456905474
0.000669564403921186
0.000664646115922096
0.000657029985973168
0.000648986420159758
0.000642519371041317
0.000639366337651381
0.000641037223303442
0.000648708864403602
0.000663163968184222
0.000684724499322442
0.000713140657637723
0.000747685247048935
0.000787214737840713
0.000830285840081046
0.000875355343765705
0.00092093555004169
0.000965721946855069
0.00100867092456269
0.00104905528708343
0.00108642539409232
0.00112059250767516
0.00115155662783195
0.0011794620835559
0.00120453091945194
0.00122704069127622
0.00124727450590001
0.00126549881684923
0.00128196619985488
0.00129689869953609
0.0013104878293575
0.00132289734722235
0.00133426325542985
0.00134470767854111
0.00135432498548482
0.00136319566745158
0.00137138911337331
0.0013789719366315
0.00138598854614713
0.00139249167752098
0.00139852018854469
0.00140410738590901
0.00140929212743401
0.00141409939313064
0.00141855693857451
0.00142269251934124
0.00142653666657111
0.00143009493136503
0.00143340062041375
0.00143646761152638
0.00143931255801988
0.00144195211326803
0.00144440293058778
0.00144667611223781
0.0014487855359846
0.00145074230405839
0.00145255751870366
0.00145424228215063
0.00145580769661535
0.00145725653766249
0.00145860545863741
0.00145985445954011
0.00146101464260084
0.00146209711004985
0.00146310741300226
0.00146405110257319
0.00146493650542823
0.00146577194826136
0.00146656020660885
0.00146731793381605
0.00146804790546184
0.00146875567263294
0.00146945788870312
0.00147015732920863
0.00147086509637973
0.0014715895169104
0.00147234169300248
0.0014731271757995
0.00147395706750331
0.00147483691925743
0.00147577228214857
0.00147677148287073
0.00147782897030879
0.001478947519999
0.00148012713196977
0.00148135670396243
0.00148262513377517
0.00148391299248374
0.00148519807562764
0.00148645262764546
0.00148764611739693
0.00148873136041061
0.0014896639477513
0.00149039114383243
0.00149086298861789
0.0014910211953918
0.00149080747746666
0.00149017465034262
0.00148907275398358
0.00148747125727766
0.0014853451801855
0.00148269729827177
0.00147954426488184
0.00147594159116693
0.0014719642171741
0.00146771761410491
0.00146332945760719
0.00145897183223553
0.00145481682255877
0.00145104483983971
0.00144785572419437
0.00144541323354019
0.0014438714113254
0.00144334127982404
0.00144387835021575
0.00144549233694136
0.00144812634106017
0.00145166795250873
0.00145594925004389
0.00146076623019553
0.00146588713390372
0.00147107465097918
0.00147609702239038
0.00148075440797868
0.00148487611095049
0.00148835249680701
0.00149111556434889
0.00149315976250364
0.00149452394903449
0.00149529416626137
0.00149558559981244
0.00149554119089146
0.0014952997173765
0.00149500273272452
0.00149477513700447
0.00149470991139822
0.00149488060819181
0.00149532747295211
0.00149606854682816
0.00149709827867639
0.0014983972396152
0.00149994044961943
0.00150170154088869
0.00150364443118178
0.00150574275269832
0.00150797568876726
0.00151032519823957
0.00151277601555933
0.00151531287517059
0.00151792883818302
0.00152061141456272
0.00152335088986888
0.00152613616188546
0.00152895474059278
0.00153179552376059
0.00153463908247886
0.00153747292674211
0.00154028317878385
0.00154305457300552
0.00154577045607596
0.00154841833798969
0.00155098850429169
0.00155347401609163
0.00155586515893447
0.001558161932806
0.00156036017439476
0.00156246821036632
0.0015644915918358
0.00156643864545458
0.00156832186127076
0.00157015928037652
0.00157197033168188
0.00157377583187213
0.00157559382208206
0.00157745622119876
0.00157938245814648
0.00158139473738572
0.00158351803891321
0.0015857717916532
0.0015881657100465
0.00159070812077289
0.00159339763605715
0.00159622454143005
0.00159916385689485
0.00160218643907228
0.00160524787906979
0.00160829544127239
0.00161126390007382
0.00161408664212104
0.00161669011511378
0.00161900770567058
0.00162096863709849
0.00162252156154352
0.00162362623345302
0.00162425350946194
0.00162440200179503
0.00162407864934266
0.0016233139832309
0.00162215657573483
0.00162065777465159
0.00161888419336265
0.00161690522082836
0.00161478469485132
0.00161258506547313
0.00161036323164865
0.00160816915339979
0.00160603474962784
0.00160398916371207
0.00160204627341898
0.0016002171809788
0.00159850188640576
0.00159688928746959
0.00159537660859144
0.00159394164533921
0.00159257329545426
0.0015912493545045
0.00158995872023127
0.00158867918820249
0.00158739410504438
0.00158609236855511
0.00158475454981044
0.00158337787325991
0.0015819484611086
0.00158045521114047
0.00157888979667575
0.00157724666659931
0.00157552304536068
0.00157371060626588
0.00157180657377864
0.0015698026212192
0.0015677015241522
0.00156548940476853
0.00156316348753194
0.00156071822132731
0.00155813972834551
0.00155542245749984
0.00155255530653164
0.00154951607100884
0.0015462908731223
0.00154286028397621
0.00153919377243028
0.00153525525625753
0.00153100865318834
0.00152641232986639
0.00152141077514045
0.00151593737562905
0.00150992551795071
0.0015032891598139
0.00149593115672531
0.00148774603746915
0.00147860612642603
0.00146839207459948
0.00145695122633072
0.001444142028177
0.00142981737560888
0.00141382738848961
0.00139605549343003
0.00137641287255974
0.00135486899476689
0.00133146826897246
0.00130635502415544
0.00127982902053247
0.00125233157177718
0.00122450105610028
0.00119718124302892
0.00117140463994758
0.00114835918552103
0.00112932441176383
0.00111554654402823
0.00110813858088932
0.00110788600515832
0.00111514131262425
0.0011297018875922
0.00115076004280468
0.00117696685730095
0.00120653209644672
0.00123740739876155
0.00126748889161377
0.00129483090915983
0.00131780419908978
0.00133522914946127
0.00134642019754949
0.00135121358546542
0.00134992017564173
0.00134323108191836
0.00133215660724773
0.00131789579249642
0.00130170874079738
0.0012848389019382
0.00126843535674936
0.00125346399926229
0.0012406964344791
0.00123067667168186
0.00122371557331746
0.00121987420165226
0.00121901377880818
0.00122077348230221
0.00122458154727667
0.00122963861315384
0.00123495103032667
0.00123933086015882
0.00124145693725097
0.00123995813616773
0.00123359655823663
0.00122146182057747
0.00120330412300973
0.00117980070157842
0.00115276121981367
0.00112507780869464
0.00110037534639673
0.00108220654659874
0.00107301945106997
0.00107318598452366
0.00108050790537106
0.00109056652597417
0.00109794950908793
0.00109798281577866
0.00108850151114837
0.00107079345390559
0.00104950492740841
0.00103132502538017
0.00102282071701154
0.00102822750314147
0.00104787289956221
0.00107790998349344
0.00111126108315318
0.00113960507697186
0.00115564224856257
0.00115498721697804
0.00113721809746892
0.00110582099033252
0.00106712416680921
0.00102868269458156
0.00099752983651058
0.000978694902897814
0.000974209601878329
0.000982813830319174
0.00100017216730919
0.00101977870592407
0.0010341894007837
0.00103643760240857
0.00102136077373416
0.000986455361839944
0.000932148802590405
0.000861383187000797
0.000778788145083809
0.000689609480630793
0.000598820992792071
0.000510497200068016
0.000427485824516793
0.000351402240639231
0.000282784906602274
0.00022136736888001
0.00016626144905274
0.000116212595102638
6.97830682128142e-05
2.54296583790392e-05
-1.8357537712177e-05
-6.30051566474776e-05
-0.000109817710480797
-0.000159883217776269
-0.000214056550262853
-0.000272842859416755
-0.000336297656389206
-0.000403788114056169
-0.000473754369068047
-0.000543098899186134
-0.000606481531661984
-0.000655664411652879
-0.000679312162077395
-0.000664246435633231
-0.000599165161929704
-0.00048052672951826
-0.000318334247850771
-0.000137734268434997
2.59126053947512e-05
0.000136202160661014
0.00016269208202857
8.18456413753665e-05
-0.000124389387679003
-0.000465028016094493
-0.000928590537796481
-0.00148007162081853
-0.00210060857597227
-0.0028652635819526
-0.00391203736072043
-0.00516660048077711
-0.00614589490410822
-0.00625595131253931
-0.00522026866178749
-0.00313841175270113
-0.000297584179520527
0.00297966096240998
0.00635137498150584
0.00933905175415362
0.0111842091143899
0.010976464182022
0.00835107538676993
0.00422263335408957
0.000210920170218287
-0.00282658341177466
-0.00502391461765228
-0.00661563026582712
-0.0075619843720176
-0.00773079378291186
-0.00722921722484671
-0.00658041399148601
-0.00627478069503695
-0.00645834496992848
-0.00702616853587301
-0.00769276864431845
-0.00802310440306542
-0.00766617880287868
-0.0066339156390427
-0.0052602144862135
-0.00395791177609794
-0.00305980796255767
-0.00281633605325737
-0.00348958639762031
-0.00525451904209717
-0.00731481542004531
-0.00665320021298044
-0.00231735741706984
-0.00258848498191355
-0.00649722498025085
-0.00827227175648204
-0.00859490256743811
-0.00871347438646808
-0.0092102658832971
-0.0103030917131264
-0.0118357101897004
-0.0130557120670005
-0.0125621846258639
-0.0096475716304667
-0.00610999029149184
-0.00447923920177118
-0.00476346739830547
-0.00487818674343998
-0.00400558475277535
-0.00355401263973931
-0.00375970365951162
-0.004065126013586
-0.00431910063269925
-0.00452057280497797
-0.0047749026954591
-0.00523154852771768
-0.00600988148136139
-0.00719199144683103
-0.00865083560341873
-0.00924332832497043
-0.00617292883475784
-0.00279065659469779
-0.00776675390667947
-0.0111760267706984
-0.00965640900574272
-0.00679277745163631
-0.00429033475413121
-0.00234759989226063
-0.000849220693766028
0.000154787294093239
0.000409750011698407
-1.04471986617227e-05
-0.000155597756901216
0.000632216501372795
0.00158926205529042
0.00151819667948416
-0.000189959159513364
-0.00339720473974126
-0.00731475990889408
-0.0107399866777769
-0.0126505805830845
-0.0128262178655802
-0.0118138054894246
-0.0103553499108955
-0.0089552476545407
-0.00781286146889215
-0.00693487489655809
-0.00625223206540682
-0.00568696201241892
-0.00517959009016522
-0.00470259386986527
-0.00428406199404208
-0.00405487865506871
-0.00429249968902923
-0.00533927346779706
-0.00724456050704703
-0.00929535337590437
-0.0101434416421853
-0.00901323460311687
-0.0066376126817147
-0.00427602397934379
-0.00262513344395643
-0.00179479764383927
-0.00155386814526537
-0.00159202651062174
-0.00168633995656364
-0.00173324687935406
-0.00171125336123623
-0.00163595803570615
-0.00153176360484508
-0.00142023059979124
-0.00131870070418927
-0.00124359411657338
-0.00121709309297557
-0.00127668986493745
-0.00148575596270462
-0.00193353111299643
-0.00269869682156809
-0.00374950070991531
-0.00480817607950712
-0.00534265964802216
-0.00495961050006599
-0.00399308364151807
-0.00311981551703866
-0.00236214381388322
-0.00144926848300031
-0.000472172301257956
0.000340899530826277
0.000904820662839256
0.00126114119147758
0.00148422940604576
0.00163317692702947
0.00174413261611051
0.00183660864294666
0.00192049154357221
0.00200064409483502
0.00207937000951119
0.00215766848832288
0.00223583929148674
0.00231374364112469
0.00239097075471761
0.00246685449845074
0.00254057885840098
0.00261120014499738
0.00267767474859681
0.00273897016178637
0.00279407053049852
0.00284207102296818
0.00288222778976888
0.00291405788388488
0.0029373226073659
0.00295216073809002
0.00295904134527802
0.00295882485178822
0.00295267699179647
0.00294202440187519
0.00292842416982353
0.0029134278323113
0.00289841206590324
0.00288447044027862
0.00287235235596484
0.00286251022885153
0.0028552188391302
0.00285073908922584
0.00284945400608194
0.00285190204785124
0.00285874657279805
0.00287062040804642
0.00288798429615156
0.00291097146387642
0.00293933766215559
0.00297246116609529
0.00300940938835481
0.00304905267699951
0.0030901697867165
0.00313159220776527
0.00317225967715729
0.0032112812409224
0.00324798521411651
0.00328189975195414
0.0033127445231429
0.00334042793426192
0.00336496941422126
0.00338652161867969
0.00340528993891098
0.00342152695064613
0.00343551020964128
0.00344752837388285
0.0034578506724614
0.00346672968109374
0.00347439577107878
0.0034810515581114
0.00348687467787556
0.0034920205615947
0.0034966057826864
0.00350074969013292
0.0035045272239671
0.00350801609982909
0.00351127737995682
0.00351435269773503
0.00351728368652005
0.00352010920411772
0.00352284590387342
0.00352552431692743
0.00352816387216137
0.00353077844738436
0.00353339579817202
0.00353602425117572
0.00353868878643482
0.00354140883284515
0.00354420104375208
0.00354709039918077
0.00355009632801284
0.00355323825917253
0.00355654117267079
0.00356001894630253
0.00356368823339892
0.00356755458507507
0.0035716041235645
0.0035758285221732
0.00358018059642973
0.00358460483518286
0.00358901797170574
0.00359334784150178
0.00359742097222693
0.00360112495378928
0.00360433488610568
0.00360693558354797
0.00360883822824576
0.00360998314575056
0.00361036062157893
0.00361000118687116
0.00360897561834861
0.00360738799942339
0.00360536600574335
0.00360303592516686
0.00360052682113121
0.00359794555259896
0.00359538510075197
0.00359290930340705
0.00359055979393474
0.00358835461344142
0.00358630070084587
0.00358437446389814
0.00358255647370243
0.0035808106479891
0.00357910090453117
0.0035773842221829
0.00357561064090817
0.0035737413028869
0.00357172208475731
0.00356950302648329
0.00356703971915806
0.00356426971271162
0.00356114582267253
0.00355761670122945
0.00355362822502059
0.00354914014843644
0.00354410945035966
0.00353851392631555
0.00353234108629863
0.00352560480808961
0.00351836060285393
0.00351067508397307
0.00350268425374622
0.00349454631897572
0.00348648609981694
0.00347876449868068
0.00347168405134823
0.00346557504914813
0.0034607677834515
0.00345759532116574
0.003456326891353
0.00345717343641638
0.00346023210084923
0.00346548068019104
0.0034727332121065
0.00348166495633961
0.00349179296587465
0.00350249274028158
0.00351306206347601
0.00352276541271124
0.00353090334748174
0.00353690410292984
0.00354037632543225
0.0035411673593444
0.00353938545138988
0.00353538032182144
0.00352968487770511
0.0035229485995103
0.0035158570499334
0.0035090402805622
0.00350303674956365
0.00349823225941748
0.00349487105921753
0.0034930391912269
0.00349271722654976
0.00349376361174336
0.0034959923844724
0.00349916484675816
0.00350303674956365
0.00350735274156477
0.00351188245150524
0.00351640938589526
0.00352075035792154
0.0035247388341304
0.00352823326110752
0.0035311087387413
0.00353325702029395
0.00353457263457813
0.0035349639881872
0.00353430062993709
0.0035324437819213
0.00352923523738014
0.00352446127837425
0.0035178360224819
0.0035089903205261
0.0034974079188288
0.00348237827462583
0.00346291884056882
0.00343764738896368
0.00340461547843063
0.00336105032694434
0.0033030467250228
0.00322509796646386
0.0031196101257791
0.00297651903125029
0.0027833846338865
0.00252697862634932
0.00219784190846894
0.00179972703406861
0.00136409772366619
0.000963351620697495
0.000705502323228302
0.000687111478825386
0.000910110875551595
0.00123708820964907
0.00147734047217796
0.00153863588536751
0.00145409240204231
0.00128378419006481
0.00105565556296483
0.000782540698907042
0.000485733675503752
0.000191535676208332
-8.35331803727968e-05
-0.000339384076397664
-0.0005882183629069
-0.000847233394551949
-0.0011340928196546
-0.00146592737948481
-0.00185939041941197
-0.00232879271422348
-0.00287833090695244
-0.00348381323789226
-0.00406211730918926
-0.00444444481217943
-0.0044120818110116
-0.00387218035413639
-0.00310586001361912
-0.00274366085406541
-0.0032510549807796
-0.00436880531751171
-0.00521794829566602
-0.00513559195169933
-0.00436166658346337
-0.00365647512268197
-0.00335020899910887
-0.00318630677398346
-0.00284100520886454
-0.00209766648495702
-0.000865618687839742
0.000151989532071184
-0.000320954374188887
-0.00163604685354812
-0.00220855556065658
-0.00193164373385457
-0.0014102830014906
-0.00101956221243427
-0.000844702086055804
-0.000847466541387121
-0.000970101776687216
-0.00117070797500674
-0.00142696965355071
-0.00172992731251043
-0.00207508454863614
-0.00245267139931116
-0.00284087198210159
-0.00321115356527457
-0.00354730689267058
-0.00385504961286642
-0.00413874490234889
-0.00437900826710802
-0.0045447756669148
-0.00461352067659959
-0.00458147964010891
-0.00446057635272723
-0.00426046975476879
-0.00397886168457262
-0.00361746188559664
-0.00321325188679111
-0.00286968226959061
-0.00277278200400133
-0.00310425019023342
-0.00356232821019375
-0.00242024178476186
0.00209077199997409
0.00568314284521421
0.00231785701743092
-0.00780084885576571
-0.0189913196280145
-0.023026847095764
-0.0209771311432405
-0.0168649538778709
-0.0124771304399474
-0.00760909113495245
-0.0024766855233338
-0.0011098011398758
-0.00361508600832394
-0.00404924982433386
-0.00291500157345581
-0.00215334416964197
-0.00221334062189271
-0.00301114688738835
-0.00439301928167879
-0.00586943826874631
-0.00662407906304452
-0.00687898626949845
-0.0073687500545816
-0.00787234721855157
-0.00828765944760335
-0.00869468941289142
-0.00920183929054019
-0.00974780256512986
-0.00967406155183426
-0.00820354895125774
-0.00676760869566806
-0.00570283820167106
-0.00362683216792448
-0.00123530075057943
0.000854094572844133
0.00232662777932546
0.00275854894482563
0.00198971950027271
0.00054758420020562
-0.00056825655292414
-0.000413713507896318
0.00153035362160381
0.00426350066362602
0.00405704358996672
-0.000891486884313508
-0.00602458083420743
-0.00795770116468475
-0.00814586176289822
-0.00896269725103593
-0.0112236886451456
-0.013667311726806
-0.013205458948562
-0.00814572853613527
-0.0022355894913062
-0.000252331489036806
-0.00189610549483632
-0.00390087961932295
-0.00450608439450662
-0.00395365962191363
-0.00297804003679403
-0.00203184136182699
-0.00126616495066401
-0.000687394585696666
-0.000264088750867586
2.23376872554581e-05
0.000151123558111976
5.15365528030998e-05
-0.000370947716987757
-0.00114847020782349
-0.00213907780377554
-0.00304491987179745
-0.00370861119591837
-0.00439941416630063
-0.00537184741133956
-0.00617497164512315
-0.0062570282288732
-0.00574094105587619
-0.00501089170157343
-0.00425089963229652
-0.00348625572854644
-0.00274049671844523
-0.00209240402782029
-0.00164436242400257
-0.00146301859516029
-0.00154367629789931
-0.00181574755231395
-0.00217443840710985
-0.00251395571027047
-0.00275032219221316
-0.00283212342466754
-0.00274301692471113
-0.00249792408979488
-0.00213398188009251
-0.00169878555666969
-0.00123873133972552
-0.00079086737159173
-0.000379429820895893
-1.66422431391311e-05
0.000294242408216405
0.000555100410082332
0.000769617702900405
0.00094109164905376
0.00107087672063244
0.00115758513885567
0.00119708687407183
0.00118268728144244
0.00110637055072971
0.000960798107740857
0.000742239603113148
0.000454097870417058
0.0001101063684672
-0.000264455124465712
-0.000635219654654406
-0.000965760804660931
-0.00122822307879744
-0.00141368028394595
-0.0015373369244287
-0.00163485891491177
-0.00175026659832156
-0.00192009741439847
-0.00216002771225021
-0.0024583945990031
-0.00277781131430288
-0.00306366043645312
-0.00325766635889124
-0.00331378813278604
-0.00321234150391092
-0.00296733193572152
-0.00262413979434939
-0.00224885110533535
-0.0019143187035553
-0.00168769442865369
-0.00162015401095061
-0.00173684400195384
-0.00202594052645111
-0.00243156605961303
-0.00285862999938047
-0.00319275161864141
-0.00333040262034956
-0.00321063731156812
-0.00283600365413861
-0.0022683077638419
-0.0015996981517219
-0.000917854681148356
-0.000283961743008376
0.000271688227471145
0.000742622630056644
0.00113614118113503
0.00146495038322314
0.00174231185035012
0.0019796830841301
0.00218617346448013
0.00236866082303777
0.00253210785672309
0.00267996735914267
0.00281444312300039
0.00293677304696871
0.00304739566914236
0.00314615000718277
0.00323230331389368
0.00330474536625047
0.00336224936781093
0.00340408812249393
0.00343068351504883
0.00344412276476191
0.00344791417639101
0.00344622108627846
0.00344281270159286
0.00344039241539917
0.0034404701310109
0.00344366757332182
0.003450167929131
0.00346000450512918
0.00347324946581296
0.00348992501564283
0.00350987572339534
0.00353272411324212
0.00355779850025328
0.00358421625712424
0.00361097263201771
0.00363706842421152
0.00366158769971037
0.00368379771131799
0.00370316555198258
0.00371939146148748
0.00373234221306973
0.00374208164454615
0.00374882902498541
0.00375290909460091
0.00375472430924617
0.00375475206482179
0.00375348918612417
0.00375145192687398
0.00374915931632813
0.003747097077067
0.00374568709382572
0.00374528186242173
0.00374610620301041
0.00374827113790843
0.00375170172705452
0.0037561953547538
0.00376136899404855
0.00376673414680795
0.00377174402821367
0.00377582132226451
0.00377844977528241
0.00377923525806523
0.00377793074601129
0.00377446685017446
0.00376893516396137
0.0037615605075132
0.00375266206997082
0.00374261732716263
0.00373178987710787
0.00372051833785747
0.00370908304070383
0.0036976977035863
0.00368648445103759
0.0036755071208745
0.00366476293756079
0.0036541908388017
0.00364368812898874
0.0036331271324741
0.00362234686690499
0.00361119190105796
0.00359949847705821
0.0035871000614236
0.00357385232518936
0.00355962481712879
0.0035443009638243
0.00352780027412791
0.00351006168574486
0.00349106854535819
0.00347085138407977
0.00344947959085573
0.00342709471911462
0.0034039021601302
0.00338019889855445
0.00335635685910063
0.00333286731546423
0.00331032701249967
0.00328945481963672
0.00327108617969429
0.003256167557808
0.00324574811472189
0.0032409380734606
0.00324287541263857
0.00325266202860064
0.0032712665909429
0.00329945515353813
0.00333763572335499
0.00338571948255151
0.00344295425502139
0.00350772744184269
0.0035774022633035
0.00364813457220237
0.0037147895870504
0.00377101128101742
0.00380950271328118
0.0038226283249827
0.00380337428218525
0.00374658082336055
0.00365029673154993
0.00351683404619507
0.00335323713240143
0.00317088022505629
0.00298413238563455
0.00280839518306664
0.00265782118535185
0.00254330723147689
0.00247118714379724
0.00244279596550712
0.00245502507212336
0.00250146847679389
0.00257383836465408
0.00266337507603964
0.00276189904279533
0.00286251300440199
0.00295992952369772
0.00305052094695668
0.003132138992612
0.00320387050223303
0.00326570992470465
0.00331824567822991
0.0033624464323907
0.00339943073690563
0.00343032824368095
0.0034561825623598
0.00347793183141221
0.00349633377804537
0.00351202400494799
0.0035254826835569
0.00353707896304911
0.00354709039918077
0.00355571683208211
0.00356309426408075
0.00356932816636402
0.0035744851523134
0.00357863183531038
0.00358181262427593
0.00358407192813104
0.00358546525802694
0.00358604812511487
0.00358588159166118
0.00358506557773808
0.00358368335007242
0.00358186258431203
0.00357973650721988
0.00357746610113452
0.00357526785954576
0.00357334162259804
0.00357197049716262
0.00357145424345617
0.00357216478619193
0.00357450180565877
0.0035789260444119
0.00358595375615778
0.00359612339906334
0.00360996788018042
0.00362798124875496
0.00365045216277338
0.00367735286666004
0.00370803943106068
0.00374083541920811
0.00377253228656116
0.00379759002022695
0.00380726006277143
0.00378861941818798
0.00372382125135573
0.00358997831462204
0.00336051741989252
0.00300896529914496
0.0025162205652407
0.00188171145332205
0.00113679621271956
0.000355737661550393
-0.000344124728712814
-0.000821648304949463
-0.000951894119083363
-0.000674366118502689
-2.39530617562878e-05
0.000876126948767819
0.00185806370289754
0.00276521583408851
0.00349154594125878
0.00399127397798793
0.00426434998423986
0.00433164060176239
0.00421201962197415
0.00390664722793588
0.0033928471143696
0.00262900812231237
0.00157410751100429
0.000223437934820936
-0.00134651734207125
-0.00294628210717462
-0.00428604374214103
-0.00505551156493311
-0.00505885333623723
-0.00433978408764801
-0.00319992921049561
-0.00206348271802881
-0.00126910704167926
-0.000940481026390216
-0.00100388586332656
-0.00129329880138584
-0.00164802615998383
-0.00195957694515414
-0.00217524886991782
-0.00228198571150529
-0.00228710383964881
-0.00220314877452665
-0.00203859151781671
-0.00179526393750962
-0.00147676315620515
-0.00112008180508383
-0.000868571881085245
-0.00108397735232302
-0.00237677655334778
-0.00522618615050874
-0.00902362629062736
-0.0115438880676777
-0.0104474096040974
-0.00622020213114638
-0.00224519292046921
-0.000787880871655489
-0.00137133637778675
-0.00266996424969079
-0.00393237664653157
-0.00500626207156074
-0.00598924243533361
-0.00701534386138292
-0.00815859602099067
-0.00936907218473948
-0.0104545372359155
-0.0111652909140503
-0.0113484222019622
-0.0110674469588901
-0.010598066868539
-0.0101363473170579
-0.009261658107107
-0.0070645711502948
-0.00396607191532894
-0.00205881978132538
-0.00171940239823698
-0.00192514892916051
-0.00212783124453608
-0.00231441532605459
-0.00263966626334877
-0.0032043923070546
-0.00400881550177701
-0.00498368013523987
-0.00609376993310207
-0.00749851292169978
-0.00949991196819155
-0.011879963679462
-0.013224665806888
-0.012398082560594
-0.0105428998864454
-0.00909217146016772
-0.0082288620362192
-0.00754070139663554
-0.00678859191083347
-0.00602042860009533
-0.00538196154309389
-0.00507989206255388
-0.00547433209874271
-0.0071113559485525
-0.0104786623822406
-0.0151483714461165
-0.0181967774182112
-0.0152694745736426
-0.0136227473745976
-0.017218737546898
-0.0161290980571493
-0.0151013646032538
-0.016624746024263
-0.0189154247820511
-0.0201542338373883
-0.02057449766113
-0.0207118988626576
-0.0185831794397018
-0.0122236221145045
-0.00430340207913105
0.000933986221696159
0.00208872918960878
-0.000154187773659942
-0.00489426277283656
-0.010926193283467
-0.0151179513352417
-0.0131394783942085
-0.00642292885544293
-0.00275800493554357
-0.00363069574405017
-0.00562832003225822
-0.00705524527688794
-0.00791405829758673
-0.00839758262927148
-0.00833393354326972
-0.00748705542008565
-0.00579106762543802
-0.00348311379738675
-0.00348657769322358
-0.00853970227865375
-0.0122717280781615
-0.00995065141395912
-0.00465538718685821
-0.000119981802271241
0.00252161624914038
0.00368275410167485
0.00400831590141593
0.00393163279710507
0.00368479691204016
0.00338347128092664
0.00308336689514022
0.00281636935994811
0.00261859978145651
0.00253521093007691
0.00259463006635485
0.00278465583924969
0.00305914737985802
0.00336367045328245
0.00365593666451502
0.0039121261785624
0.00412383460712817
0.00429221103104283
0.00442288428104121
0.00452282655771796
0.00459862703472425
0.00465588123610416
0.00469907446287721
0.00473165395753483
0.00475620931527487
0.00477467509973906
0.0047884779474856
0.00479866701930121
0.00480600836904443
0.00481105710825602
0.0048142212438762
0.00481578665834093
0.00481595596734508
0.00481487627546073
0.00481264195161657
0.00480932238477294
0.00480495365717104
0.00479956629995115
0.00479317419087977
0.00478578843221555
0.00477742845284013
0.00476811090609885
0.00475785799646644
0.00474670580618408
0.00473470151973743
0.00472190342381396
0.00470838229516346
0.00469423250271461
0.00467955535432907
0.00466447575008999
0.00464912691677455
0.00463365873449106
0.00461823773667902
0.00460303600790724
0.00458823118387386
0.00457401339026831
0.00456056303832497
0.00454806331484292
0.00453668491661574
0.00452658327488109
0.00451789855526386
0.00451074455564537
0.00450520454275249
0.00450133680330111
0.00449916354172331
0.00449867226804201
0.00449982828776285
0.00450256082417866
0.00450678105944746
0.00451238074683147
0.0045192391495732
0.00452723414312572
0.00453623666408021
0.00454612320011449
0.00455677579003577
0.00456808202375214
0.00457993087898956
0.00459222659898728
0.00460486232478274
0.00461774785075875
0.00463078880797241
0.00464388666409832
0.0046569512135477
0.00466988808733504
0.00468260846764679
0.00469502631217722
0.00470706390531461
0.00471864908257658
0.00472971523058163
0.00474021100149002
0.00475009059863396
0.00475932349085895
0.00476788192260358
0.00477576034273852
0.00478294903682297
0.00478945494374727
0.0047952947168568
0.00480048639728636
0.00480505635280792
0.00480903095123608
0.00481244766258726
0.00481533979356641
0.00481774758975462
0.00481970435784262
0.00482125311896198
0.00482242579202818
0.00482326262263655
0.00482379552968837
0.00482405920764961
0.0048240814121101
0.00482389406197115
0.00482352074948267
0.00482298784243085
0.00482231060638583
0.00482151402137276
0.00482061612849805
0.0048196266422309
0.00481856221590249
0.0048174311761926
0.00481624462533148
0.00481500950222369
0.00481373274574537
0.00481241435589652
0.00481106404714637
0.00480967904393026
0.00480826212178442
0.00480681605630195
0.00480533529633931
0.00480382400525059
0.00480227385635601
0.00480068762520602
0.00479905698513505
0.0047973819361431
0.0047956555393398
0.00479387363138528
0.0047920348245043
0.00479013079201707
0.00478815598280846
0.00478610762132803
0.00478398154423587
0.00478176942486641
0.00477946987543021
0.00477707734481214
0.00477458905744754
0.00477200085002494
0.00476931272253012
0.00476652051162318
0.00476362144175368
0.00476062245179776
0.00475751937844393
0.00475431916058255
0.00475102457374987
0.00474764116908943
0.00474417588547738
0.00474063982514394
0.00473704131475472
0.0047333928443436
0.00472971106724174
0.00472600847345461
0.00472230449189226
0.00471861577588584
0.00471496175435959
0.00471136185619514
0.00470783689809195
0.00470440353339541
0.0047010895176669
0.00469790317758623
0.00469486394204921
0.00469198846441543
0.00468928507135047
0.00468675653841899
0.00468440286560678
0.00468221572624827
0.00468019234477879
0.00467830219008647
0.00467652583324707
0.00467482164090427
0.00467315908191779
0.00467148542071527
0.00466976179946244
0.00466793825815159
0.00466600091897362
0.00466392757746803
0.00466174321367419
0.00465950056316444
0.00465730232157568
0.00465530669568182
0.00465372185232127
0.00465279481609571
0.00465283367390157
0.00465415761485133
0.00465709693031613
0.00466197636050936
0.0046690928900972
0.00467867966591484
0.00469093375254204
0.00470597727452571
0.00472386296745242
0.00474455752463143
0.00476797212822078
0.00479392914253651
0.00482215101182248
0.00485225193358474
0.00488369067407746
0.00491570673055719
0.00494728147337753
0.00497696883705601
0.00500278707349366
0.00502199393181968
0.00503085906267131
0.00502436980909238
0.0049960258152737
0.00493778906651698
0.0048406723074379
0.00469655980772643
0.00450240955629511
0.00426799706687575
0.00402677891031544
0.00384398068931091
0.00380540043920519
0.00396648269784805
0.00427811674974521
0.0045836612283523
0.00474674743955461
0.00476182981934414
0.00470003480579351
0.0046050496749217
0.00447335501974067
0.00428960200693496
0.00405137035031089
0.00376659814449454
0.00343870487640174
0.00305697689384488
0.00259925414525242
0.00204214423149551
0.00137125866217502
0.000587785375927297
-0.000287514456687177
-0.00121197496483205
-0.00211900497149031
-0.00291540125374468
-0.00347559758751004
-0.00365338870267351
-0.00339346328814827
-0.00292681434643782
-0.00259330334984043
-0.00222444285213896
-0.00124311672067279
0.000587885295999513
0.00300570679456769
0.00549427170426497
0.00739286409867645
0.00768203278767032
0.00368443053844203
-0.00267514899121579
0.000665223431894901
0.00297057933806855
0.00468232119743561
0.000786259946039536
-0.00390552035156588
-0.00851212433872206
-0.0132135857811022
-0.0178722814325738
-0.0215880868736917
-0.0245900855233572
-0.027225199872305
-0.0203307148893828
-0.00115742970763222
-0.000605115957341695
-0.0407954336978378
-0.0206101136157599
0.000170552461042917
-0.0157585722249109
-0.0496850782738534
-0.0784139198017897
-0.0610255179722685
-0.0923904286409538
-0.101180419598279
-0.0561086066497296
-0.0224176455176917
-0.010039191700173
-0.0720433712686486
-0.0526063415051681
-0.00768010099960748
-0.0158445923048589
-0.0440670389068032
-0.0335880434576552
-0.0296433100288596
-0.00642463859890086
0.00753026530020406
-0.0641307673632241
-0.132273547670536
-0.0891025031535264
0.00927802279448997
0.0131901600752826
-0.0382099463180907
-0.0589232884706803
-0.0258394861063493
-0.00747313322335685
-0.00717181869447359
-0.00897675267452769
-0.00973359171041466
-0.0110214504189798
-0.0143544731656675
-0.0185462090129818
-0.0198399519035775
-0.0175599534912863
-0.0162697966210601
-0.0176682335428779
-0.0193652649471687
-0.017276358121876
-0.00944092581889322
0.000939914812647658
0.00711168901545989
0.00244971820606565
-0.00469010386083824
-0.00321159765448442
-0.000660793642026647
-0.00348656659099333
-0.00605262506780946
-0.00531910071543962
-0.003266897863341
-0.00157592827676467
-0.000661271037927236
-0.000307986969261265
-0.000217381668221606
-0.000217781348510471
-0.000242850184406507
-0.000261324295536269
-0.000252287080115821
-0.00021564972030319
-0.000181221704309564
-0.000202315941777442
-0.000333189031920256
-0.000591438009678313
-0.000926392296207723
-0.00122897247933906
-0.00139216416172872
-0.00136839428677149
-0.00116276988038067
-0.000796807064773475
-0.000310018677396329
0.000230970798043018
0.000752958806415904
0.00120098375688826
0.00154576351718561
0.00177952652613556
0.00190965021573675
0.00195318761164742
0.00193212112975516
0.00186918813760428
0.00178460302090855
0.00169416425332258
0.00160864932485083
0.00153430324000681
0.00147380996295965
0.00142739986496565
0.00139386280295639
0.00137127809107085
0.00135752797891087
0.00135059463612208
0.00134873501255584
0.00135049749161453
0.00135474131911906
0.00136060468447852
0.00136743116829052
0.00137475586470259
0.00138224293122846
0.00138966615992331
0.00139686734401323
0.00140374517565078
0.00141024136812007
0.00141632400251979
0.00142198336439492
0.00142721529039136
0.00143202949497834
0.00143644124372599
0.00144047135330538
0.00144414480374166
0.00144748449336873
0.00145051332056312
0.00145325695920917
0.00145573830766921
0.00145797957040372
0.00146000156408377
0.00146182371763359
0.0014634654599206
0.00146494344433279
0.00146627224251006
0.00146746781392437
0.00146854230165161
0.00146950750179542
0.00147037416964224
0.00147115306047851
0.00147185250098403
0.00147248047088056
0.00147304460296027
0.0014735507952679
0.00147400563976419
0.00147441399367665
0.00147478106116239
0.00147511031167369
0.00147540590855044
0.00147567201513255
0.00147591106002665
0.00147612581879741
0.0014763190669953
0.00147649271281125
0.00147664883792231
0.00147678917706173
0.00147691581186393
0.00147702978320297
0.00147713230535373
0.00147722476611989
0.00147730820631864
0.00147738340658066
0.00147745140773736
0.00147751264347562
0.00147756824136991
0.00147761837487792
0.00147766399810223
0.00147770519778589
0.00147774258107347
0.00147777684186678
0.00147780798015162
0.00147783642961485
0.00147786262394334
0.00147788664986592
0.00147790885432642
0.00147792954089709
0.00147794888306407
0.00147796692418467
0.00147798409795996
0.00147800040434731
0.00147801597350394
0.00147803106558797
0.00147804576737087
0.00147806025231034
0.00147807469389249
0.00147808917883197
0.00147810383724334
0.00147811897269889
0.00147813436836941
0.00147815037119869
0.00147816719801597
0.00147818502229313
0.00147820395247322
0.00147822398852782
0.00147824549910069
0.00147826865764955
0.00147829339914551
0.00147832015726124
0.00147834936566937
0.00147838080752649
0.00147841487316214
0.00147845190950591
0.00147849245867349
0.00147853678085141
0.00147858498448272
0.00147863734061104
0.00147869456479555
0.00147875741599535
0.00147882581831027
0.00147890046562793
0.00147898249636569
0.00147907191052354
0.00147916925018876
0.00147927589232211
0.0014793919886813
0.00147951906802746
0.00147965819284934
0.00147969451361973
0.00147969439434803
0.0014796941233044
0.00147969425340477
0.00147969410161863
0.00147969434014783
0.00147969426424766
0.00147969456781993
0.0014796945353055
0.00147969418836169
0.00147969431846207
0.00147969410161863
0.00147969425340477
0.00147969416667593
0.00147969440519091
0.0014796942967763
0.00147969464372011
0.00147969460034858
0.00147969488224931
0.00147969490393507
0.00147969520750735
0.00147969525087888
0.00147969556529404
0.00147969559782268
0.00147969591223784
0.00147969594476649
0.00147969621581012
0.00147969618328148
0.00147969640012491
0.0014796962917103
0.00147969655191105
0.00147969632423894
0.00147969647602508
0.00147969627002453
0.00147969642181067
0.00147969606402398
0.00147969604233822
0.00147969635675338
0.0014796962917103
0.00147969655191105
0.00147969637843914
0.00147969640012491
0.00147969672538295
0.0014796966386541
0.00147969681212601
0.00147969657359681
0.00147969660612546
0.00147969692054062
0.00147969677959736
0.00147969689885485
0.00147969655191105
0.00147969657359681
0.00147969685549754
0.00147969662781122
0.00147969662781122
0.00147969686634042
0.00147969659528258
0.00147969667118275
0.00147969694222638
0.00147969668202563
0.00147969674706872
0.00147969700728368
0.00147969671454007
0.00147969673622583
0.00147969690969774
0.00147969654106817
0.00147969644349644
0.00147969648686797
0.00147969680128313
0.00147969655191105
0.00147969655191105
0.00147969667118275
0.00147969703981232
0.00147969680128313
0.00147969679044024
0.00147969701812656
0.00147969733254172
0.00147969713738405
0.00147969715906981
0.00147969723496999
0.00147969752769939
0.00147969726748443
0.00147969720244134
0.00147969719159846
0.00147969735422748
0.00147969767948553
0.00147969746264209
0.00147969737591325
0.00147969743011345
0.001479697636114
0.00147969797221492
0.00147969772285705
0.0014796975819138
0.00147969757107091
0.00147969766864264
0.00147969786380031
0.00147969815652971
0.00147969854684504
0.00147969828664429
0.00147969812401527
0.00147969802642933
0.00147969799390069
0.00147969813485815
0.00147969835168738
0.00147969861190234
0.00147969890463173
0.00147969864443098
0.00147969841674467
0.00147969821074412
0.00147969815652971
0.00147969811317239
0.00147969805895798
0.00147969814568683
0.00147969821074412
0.0014796983950589
0.00147969856853081
0.00147969883958865
0.00147969907810364
0.00147969941420456
0.0014796996852624
0.00147970004304909
0.00147970034662137
0.00147970072609382
0.00147970043336443
0.00147970007557774
0.00147969973947681
0.00147969945757609
0.00147969907810364
0.00147969873115983
0.0014796983950589
0.00147969881790289
0.0014796992190611
0.00147969952263338
0.00147969981536278
0.0014797000972635
0.00147970035746425
0.00147970060683633
0.00147970083450844
0.00147970101882322
0.00147970117062357
0.0014797012681953
0.00147970131156683
0.00147970131156683
0.00147970122482377
0.0014797010947234
0.00147970087787996
0.00147970057430769
0.00147970016230659
0.00147970053093616
0.00147970079115112
0.00147970094293726
0.00147970098630879
0.00147970091040861
0.00147970083450844
0.00147970061767921
0.00147970025989252
0.00147970061767921
0.00147970083450844
0.00147970087787996
0.00147970088872285
0.00147970071525094
0.00147970052009327
0.00147970084535132
0.00147970113809492
0.00147970121398089
0.00147970123566665
0.00147970105135187
0.00147970078030824
0.00147970101882322
0.00147970114893781
0.00147970118146645
0.0014797009754659
0.00147970066103653
0.00147970094293726
0.00147970096462302
0.0014797008561942
0.00147970061767921
0.00147970095378014
0.00147970101882322
0.00147970091040861
0.00147970065020786
0.00147970095378014
0.00147970105135187
0.0014797009754659
0.00147970071525094
0.00147970099715167
0.00147970106219475
0.00147970093209437
0.00147970131156683
0.00147970147419585
0.00147970139829567
0.0014797010947234
0.00147970128988106
0.00147970123566665
0.00147970093209437
0.0014797010947234
0.00147970099715167
0.00147970074777959
0.0014797009754659
0.00147970089956573
0.00147970055262192
0.00147970074777959
0.00147970067187941
0.0014797009754659
0.00147970098630879
0.00147970081283688
0.00147970104050898
0.00147970107303763
0.00147970076946535
0.00147970083450844
0.0014797006827223
0.00147970088872285
0.00147970086703708
0.00147970048756463
0.00147970059599345
0.00147970045505019
0.00147970065020786
0.00147970057430769
0.00147970083450844
0.00147970081283688
0.00147970052009327
0.00147970052009327
0.00147970023820676
0.00147970037915002
0.00147970022736388
0.00147970035746425
0.00147970017314947
0.00147970036830714
0.00147970024904964
0.00147970050925039
0.00147970031409272
0.00147970048756463
0.00147970029242117
0.00147970047672175
0.00147970029242117
0.00147970046589307
0.00147970027073541
0.0014797003899929
0.00147970014062082
0.00147970020567811
0.00147969988042007
0.00147969986957719
0.00147970029242117
0.00147970028157829
0.00147970057430769
0.00147970044420731
0.00147970059599345
0.00147970030324984
0.00147970042252155
0.00147970079115112
0.00147970069356518
0.00147970098630879
0.001479700801994
0.00147970086703708
0.00147970128988106
0.00147970121398089
0.00147970136578124
0.00147970114893781
0.00147970112725204
0.0014797014416672
0.00147970124650953
0.00147970135493836
0.00147970165851063
0.00147970157176758
0.00147970164766775
0.00147970200545444
0.00147970194039715
0.00147970204882597
0.00147970240661266
0.00147970221145499
0.00147970226565519
0.00147970258008456
0.00147970243914131
0.00147970241745554
0.00147970265597053
0.00147970239576978
0.00147970235239825
0.00147970253671303
0.001479702796928
0.00147970256924168
0.00147970254755592
0.00147970271018494
0.00147970307881451
0.00147970293787125
0.00147970293787125
0.00147970313302892
0.00147970350165849
0.00147970330650082
0.0014797032631293
0.00147970338238679
0.00147970363175887
0.00147970332818659
0.0014797031438718
0.00147970321975777
0.00147970341491543
0.00147970372933059
0.00147970342575832
0.00147970321975777
0.0014797032631293
0.00147970338238679
0.00147970357754446
0.00147970400038844
0.00147970375101636
0.00147970358838734
0.00147970363175887
0.00147970369680195
0.00147970382691653
0.00147970414133169
0.00147970375101636
0.00147970352333004
0.00147970331734371
0.0014797032631293
0.00147970323060065
0.00147970333901526
0.0014797034366012
0.00147970366428751
0.00147970400038844
0.00147970433648936
0.00147970405458864
0.00147970385944518
0.00147970363175887
0.00147970349081561
0.00147970344744408
0.00147970346912984
0.0014797034366012
0.00147970344744408
0.00147970352333004
0.00147970365344463
0.00147970383775942
0.0014797040762744
0.00147970420638899
0.00147970435817513
0.00147970454248991
0.00147970471596182
0.00147970494364813
0.00147970513879159
0.00147970534479214
0.0014797055399498
0.00147970571342171
0.00147970586520785
0.00147970598447955
0.00147970622299454
0.00147970642899509
0.00147970656993834
0.00147970667836717
0.00147970671089581
0.00147970668921005
0.00147970674341025
0.00147970670005293
0.00147970659162411
0.00147970652658103
0.00147970637479489
0.00147970611457993
0.00147970588689361
0.00147970626636607
0.00147970651573814
0.00147970678678178
0.00147970692772503
0.00147970707952538
0.0014797070686825
0.00147970704699674
0.00147970686268195
0.00147970667836717
0.00147970702531097
0.00147970733972613
0.00147970746982651
0.00147970756741245
0.00147970758909821
0.00147970742646919
0.00147970719878288
0.00147970761078398
0.00147970780594164
0.00147970792519914
0.0014797079468849
0.00147970773004147
0.00147970740478343
0.0014797077083557
0.00147970786014184
0.00147970790351337
0.00147970781677031
0.00147970749151227
0.00147970771919859
0.00147970779509876
0.00147970774088435
0.00147970751319804
0.00147970783845608
0.00147970797941355
0.00147970795772778
0.00147970775172723
0.00147970808782816
0.00147970821792853
0.00147970814204257
0.00147970799025643
0.00147970835887179
0.00147970849982926
0.0014797084130862
0.00147970810951392
0.00147970828298583
0.00147970834804312
0.00147970814204257
0.00147970840224332
0.00147970856487234
0.00147970844561485
0.00147970874918713
0.00147970892265903
0.0014797088250873
0.00147970913950246
0.0014797092912886
0.00147970913950246
0.0014797095298178
0.00147970961654664
0.00147970950813203
0.00147970977918988
0.00147970986591872
0.00147970961654664
0.00147970986591872
0.00147970976834699
0.00147971015864812
0.00147971019117676
0.00147970998517621
0.00147971027791982
0.00147971018033388
0.00147970981170431
0.00147970990929025
0.00147970973581835
0.00147970988760449
0.00147970975750411
0.00147971006107639
0.00147971008276215
0.00147970981170431
0.00147970981170431
0.00147970951897491
0.00147970961654664
0.0014797094105603
0.00147970957318933
0.00147970942140319
0.00147970965991817
0.00147970954066068
0.00147970981170431
0.0014797097032897
0.00147970995266178
0.00147970986591872
0.00147971010444792
0.00147970996349045
0.00147971015864812
0.00147971009360504
0.00147971035380579
0.00147971021286253
0.00147971037549155
0.00147971014780524
0.00147971032129135
0.00147971008276215
0.00147971012613368
0.00147971046223461
0.00147971047307749
0.00147971076580689
0.00147971059233498
0.00147971080917841
0.00147971055980634
0.00147971070074959
0.00147971105853628
0.00147971095012167
0.00147971119949375
0.00147971095012167
0.0014797110476934
0.00147971135127989
0.00147971127537971
0.00147971139465142
0.00147971113443646
0.00147971135127989
0.00147971096096455
0.00147971042970596
0.00147970902024497
0.00147970787098473
0.00147970615795145
0.00147970419554611
0.00147970179945389
0.00147969887210309
0.00147969561950845
0.00147969226931366
0.00147968903839057
0.00147968499432238
0.00147968060329617
0.00147967586534037
0.00147967108401303
0.00147966573888425
0.00147966085998519
0.00147965544981332
0.00147964975775494
0.00147964378379584
0.00147963761469327
0.00147963114200422
0.00147962392121315
0.00147961665706475
0.00147960927364466
0.00147960132643732
0.00147959363944494
0.00147958563803741
0.00147957761494411
0.00147956938585025
0.00147956080979839
0.00147955148567291
0.00147954237836245
0.00147953283739355
0.00147952278683761
0.00147951258449552
0.00147950262066843
0.00147949245085499
0.00147948166303991
0.00147947118965419
0.00147946002236665
0.00147944908276543
0.00147943789380633
0.00147942629284614
0.00147941478945768
0.0014794032969121
0.00147939147910847
0.00147937970467638
0.00147936733392839
0.00147935511496655
0.00147934285264739
0.00147933055778537
0.0014793178292507
0.00147930542598829
0.00147929239386713
0.00147927938344594
0.00147926654649666
0.00147925355774703
0.0014792406882691
0.00147922758026198
0.0014792142120541
0.00147920082216046
0.00147918712868034
0.00147917389057284
0.00147916022962136
0.00147914662288429
0.0014791329727899
0.00147911938773859
0.00147910562920117
